  chain_num  feature_max  feature_min  feature_num  feature_val   operator reptype splitnum
0       100    -0.594482    -1.253467          0.0    -0.811268  chains/O2    1027   split3
0       100     9.879875     8.428426          1.0     8.960482  chains/O2    1027   split3
0       100     0.630733    -0.411340          2.0     0.008839  chains/O2    1027   split3
0       100    -1.493872    -2.079206          0.0    -1.607854  chains/O1    1027  nosplit
0       100    13.711609    11.171477          1.0    11.480799  chains/O1    1027  nosplit
0       100     4.519283     3.203418          2.0     3.461401  chains/O1    1027  nosplit
0       100    -0.939566    -1.249489          0.0    -1.082621  chains/O1    1027   split3
0       100   -10.540337   -12.093146          1.0   -11.042812  chains/O1    1027   split3
0       100     3.598714     2.711259          2.0     3.042875  chains/O1    1027   split3
0       100   -35.226357   -47.788260          0.0   -37.529078  chains/O3    1027   split2
0       100   -15.788301   -21.207816          1.0   -16.889390  chains/O3    1027   split2
0       100     6.269466     4.663624          2.0     4.942562  chains/O3    1027   split2
0       101    -2.609852    -4.614806          0.0    -3.657630  chains/O1    1027   split1
0       101    20.131200    13.571684          1.0    16.768174  chains/O1    1027   split1
0       101     7.933603     4.747395          2.0     6.369391  chains/O1    1027   split1
0       101   -49.776785   -59.758569          0.0   -56.638077  chains/O3    1027   split1
0       101   -21.373992   -25.716920          1.0   -24.251221  chains/O3    1027   split1
0       101     7.558065     6.422027          2.0     7.183307  chains/O3    1027   split1
0       100   -40.173152   -59.285730          0.0   -54.733162  chains/O3    1027   split3
0       100    25.635289    17.584718          1.0    23.728422  chains/O3    1027   split3
0       100     7.327893     5.017562          2.0     6.807798  chains/O3    1027   split3
0       100    -1.353427    -2.994305          0.0    -1.658975  chains/O1    1027   split2
0       100   -10.014419   -13.771955          1.0   -10.790747  chains/O1    1027   split2
0       100     5.508691     3.026558          2.0     3.554591  chains/O1    1027   split2
0       101    -0.177618    -0.631534          0.0    -0.310215  chains/O2    1027   split1
0       101     6.846256     6.146424          1.0     6.374035  chains/O2    1027   split1
0       101    -0.490425    -1.930966          2.0    -1.317258  chains/O2    1027   split1
0       100   -49.937552   -59.751310          0.0   -56.643938  chains/O3    1027   split1
0       100   -21.531801   -25.768719          1.0   -24.252936  chains/O3    1027   split1
0       100     7.555832     6.398830          2.0     7.182223  chains/O3    1027   split1
0       101    -1.477086    -2.091035          0.0    -1.677188  chains/O1    1027  nosplit
0       101    13.703223    11.158915          1.0    11.603482  chains/O1    1027  nosplit
0       101     4.516459     3.208940          2.0     3.523670  chains/O1    1027  nosplit
0    103193    -0.188536    -0.618564          0.0    -0.325868  chains/O2    1027   split2
0    103193    -6.796430    -7.652051          1.0    -7.167214  chains/O2    1027   split2
0    103193    -0.483011    -1.813413          2.0    -1.232851  chains/O2    1027   split2
0    104193    -0.194895    -0.651687          0.0    -0.326136  chains/O2    1027   split2
0    104193    -6.824491    -7.700275          1.0    -7.149068  chains/O2    1027   split2
0    104193    -0.424880    -1.795801          2.0    -1.229454  chains/O2    1027   split2
0       100    -0.175390    -0.585071          0.0    -0.280816  chains/O2    1027   split1
0       100     6.788071     6.078987          1.0     6.313686  chains/O2    1027   split1
0       100    -0.584736    -1.949206          2.0    -1.430277  chains/O2    1027   split1
