  pos      val_A      val_C      val_G      val_T
   36   0.031498   0.001264   0.040139  -0.072902
   37   0.019981  -0.043012  -0.004696   0.027727
   38   0.023631  -0.016009  -0.038305   0.030683
   39  -0.029582  -0.058745  -0.059261   0.147588
   40  -0.084534  -0.084972   0.357346  -0.187841
   41  -0.051952  -0.136708  -0.008897   0.197557
   42  -0.083254  -0.082297   0.246489  -0.080938
   43   0.290388  -0.139147  -0.053290  -0.097951
   44  -0.030197   0.024261   0.156829  -0.150893
   45  -0.237985   0.277845   0.099695  -0.139555
   46  -0.050381  -0.056556   0.299122  -0.192186
   47  -0.045103   0.028812   0.024424  -0.008133
   48   0.076141  -0.018840   0.064459  -0.121760
   49  -0.086233   0.049604  -0.088620   0.125249
   50   0.049973   0.060679  -0.036274  -0.074378
   51   0.083585   0.035066  -0.058438  -0.060214
   52  -0.026780   0.118359  -0.040987  -0.050593
   53   0.139628  -0.029674  -0.081551  -0.028403
   54   0.075440  -0.009598  -0.049573  -0.016269
   55   0.027555  -0.038566  -0.018926   0.029936
   56  -0.050720   0.111629  -0.039752  -0.021157
