  pos      val_A      val_C      val_G      val_T
   36  -0.016168  -0.063034  -0.005564   0.084766
   37  -0.006604  -0.010778   0.007831   0.009551
   38   0.020222   0.021239  -0.022588  -0.018872
   39   0.049651   0.031558   0.055147  -0.136355
   40   0.090036   0.102306  -0.312415   0.120074
   41   0.037856   0.111720   0.007654  -0.157230
   42   0.087543   0.026133  -0.212513   0.098837
   43  -0.307348   0.135531   0.114174   0.057643
   44   0.010704  -0.017737  -0.143766   0.150799
   45   0.266871  -0.290564  -0.105804   0.129498
   46   0.065616   0.061432  -0.312602   0.185554
   47  -0.006190   0.206323  -0.106158  -0.093975
   48  -0.110567   0.111512  -0.086849   0.085903
   49   0.084015  -0.019467   0.077134  -0.141682
   50  -0.067623  -0.059858   0.073720   0.053761
   51  -0.065363  -0.024880   0.028488   0.061755
   52   0.050200  -0.129643   0.026885   0.052559
   53  -0.129941   0.014389   0.092348   0.023204
   54  -0.060456   0.027314   0.051084  -0.017942
   55  -0.024270   0.029860   0.024834  -0.030424
   56   0.024413   0.006807  -0.071167   0.039947
