  pos      val_A      val_C      val_G      val_T
   36   0.032572   0.022370   0.027995  -0.082936
   37   0.039527  -0.050268  -0.012428   0.023169
   38  -0.015287  -0.012542  -0.003787   0.031615
   39   0.001491  -0.047811  -0.100886   0.147206
   40  -0.039341  -0.206915   0.333890  -0.087634
   41  -0.056894  -0.116218  -0.006489   0.179601
   42  -0.093799  -0.065989   0.253252  -0.093464
   43   0.290839  -0.161506  -0.036512  -0.092821
   44  -0.017445   0.036806   0.166842  -0.186203
   45  -0.263739   0.287105   0.035050  -0.058416
   46  -0.083723  -0.062378   0.279729  -0.133628
   47  -0.059241   0.022059   0.047468  -0.010286
   48   0.112907  -0.119674   0.102626  -0.095859
   49  -0.101747   0.081414  -0.088462   0.108795
   50   0.050675   0.039383  -0.006653  -0.083405
   51   0.060434   0.030617  -0.022095  -0.068956
   52   0.017451   0.114293  -0.094535  -0.037209
   53   0.136390  -0.012875  -0.090933  -0.032582
   54   0.055521  -0.045659  -0.060353   0.050490
   55   0.029958  -0.042673  -0.029127   0.041841
   56  -0.092536   0.106049  -0.013274  -0.000239
