  pos      val_A      val_C      val_G      val_T
   36  -0.047043   0.017424  -0.036356   0.065975
   37  -0.029042   0.082064  -0.018996  -0.034025
   38  -0.010673   0.033884   0.014189  -0.037400
   39   0.011640   0.061431   0.033901  -0.106972
   40   0.154159  -0.042237  -0.264200   0.152278
   41   0.046969   0.111426  -0.011445  -0.146950
   42   0.087825   0.100171  -0.316006   0.128010
   43  -0.141595   0.036306   0.055519   0.049769
   44   0.269683  -0.173654  -0.220480   0.124452
   45   0.479446  -0.291613  -0.186644  -0.001189
   46   0.047186   0.000001  -0.161662   0.114474
   47   0.025196  -0.012819  -0.020435   0.008058
   48  -0.050186   0.022854  -0.064068   0.091400
   49   0.058229   0.031441   0.018992  -0.108663
   50  -0.036211  -0.009458  -0.004038   0.049707
   51  -0.038986  -0.018129   0.025149   0.031966
   52   0.024472  -0.099913   0.029633   0.045807
   53  -0.072214   0.000374   0.037813   0.034027
   54   0.002309  -0.026164   0.017141   0.006714
   55   0.007987   0.034051  -0.020543  -0.021495
   56   0.012729  -0.049748   0.011632   0.025386
