  pos      val_A      val_C      val_G      val_T
   36  -0.036098  -0.013253  -0.030927   0.080278
   37  -0.014912   0.023091  -0.001091  -0.007088
   38  -0.008858   0.013870   0.028279  -0.033292
   39   0.018440   0.048705   0.035160  -0.102305
   40   0.292481  -0.043913  -0.292473   0.043905
   41   0.017667   0.160064  -0.016580  -0.161150
   42   0.173451   0.126582  -0.371396   0.071363
   43  -0.157347   0.067213   0.046853   0.043281
   44   0.051672  -0.086907  -0.133501   0.168736
   45   0.481145  -0.281664  -0.166220  -0.033261
   46   0.056369  -0.000678  -0.157424   0.101732
   47   0.029366   0.001930  -0.027698  -0.003598
   48  -0.048689   0.040446  -0.069871   0.078115
   49   0.061923   0.025455   0.016200  -0.103577
   50  -0.039457  -0.013803   0.000773   0.052488
   51  -0.046614  -0.017900   0.029702   0.034811
   52   0.022830  -0.096848   0.024554   0.049465
   53  -0.056522  -0.042387   0.064999   0.033911
   54   0.002937  -0.025010   0.009285   0.012788
   55   0.012828   0.033941  -0.017219  -0.029551
   56   0.006721  -0.024100  -0.024939   0.042318
