  pos      val_A      val_C      val_G      val_T
   36   0.030227   0.017054   0.039179  -0.086459
   37   0.004042  -0.022006   0.006344   0.011620
   38  -0.019725   0.029577  -0.024268   0.014416
   39  -0.015233  -0.055592  -0.032226   0.103052
   40  -0.219838   0.005862   0.294167  -0.080192
   41  -0.026491  -0.165329   0.032075   0.159745
   42  -0.049101  -0.235193   0.364354  -0.080060
   43   0.147963  -0.043253  -0.055333  -0.049377
   44  -0.013139   0.094501   0.162014  -0.243376
   45  -0.453022   0.267255   0.203369  -0.017603
   46  -0.047153   0.004840   0.158704  -0.116390
   47  -0.018612   0.011957   0.038353  -0.031699
   48   0.059015  -0.047141   0.064428  -0.076302
   49  -0.076342  -0.016610  -0.009365   0.102316
   50   0.042023   0.013602   0.007004  -0.062629
   51   0.047886   0.016191  -0.033224  -0.030853
   52  -0.055284   0.099038  -0.030401  -0.013353
   53   0.059522   0.035261  -0.058923  -0.035860
   54  -0.004824   0.004469  -0.004788   0.005143
   55  -0.032294  -0.035259   0.020291   0.047262
   56  -0.012891   0.022590   0.031956  -0.041655
