  pos      val_A      val_C      val_G      val_T
   36   0.009029  -0.009289   0.041222  -0.040962
   37  -0.008510   0.043385  -0.007785  -0.027090
   38  -0.011483  -0.072289   0.155477  -0.071706
   39  -0.044174   0.014062  -0.072851   0.102963
   40   0.009824  -0.095419   0.136257  -0.050662
   41  -0.109978  -0.177953   0.238753   0.049178
   42  -0.048631  -0.090726   0.213453  -0.074095
   43   0.038346  -0.127003   0.036326   0.052332
   44  -0.103577  -0.049738   0.183834  -0.030519
   45  -0.036823  -0.030888   0.167482  -0.099771
   46  -0.002090  -0.034445   0.140333  -0.103799
   47  -0.078221   0.036314   0.063707  -0.021799
   48   0.026424  -0.030086   0.017621  -0.013959
   49  -0.153012  -0.088973  -0.059805   0.301790
   50   0.014997   0.013588  -0.037163   0.008579
   51   0.071838  -0.058661   0.011799  -0.024975
   52  -0.096948   0.020896   0.202382  -0.126331
   53  -0.038989   0.288889  -0.115543  -0.134358
   54  -0.075561  -0.045398   0.009596   0.111363
   55   0.010777  -0.067380   0.067069  -0.010466
   56  -0.177744   0.356777  -0.025549  -0.153483
