  pos      val_A      val_C      val_G      val_T
   36  -0.027694  -0.007736  -0.035876   0.071305
   37   0.081629  -0.101465  -0.000513   0.020349
   38   0.007430   0.071413  -0.165894   0.087051
   39   0.056648  -0.053452   0.106431  -0.109627
   40   0.036984   0.122077  -0.149234  -0.009827
   41   0.116924   0.158475  -0.209955  -0.065444
   42   0.092549   0.068355  -0.220843   0.059938
   43  -0.051544   0.128114   0.005846  -0.082416
   44   0.075049   0.037036  -0.171103   0.059018
   45   0.024902   0.040409  -0.169083   0.103772
   46  -0.011981   0.054223  -0.166027   0.123786
   47   0.096181  -0.027653  -0.073903   0.005375
   48  -0.034509   0.063287  -0.037234   0.008455
   49   0.135981   0.069346   0.103300  -0.308627
   50  -0.019809  -0.010220   0.038898  -0.008869
   51  -0.074683   0.070759  -0.007957   0.011881
   52   0.074020  -0.025495  -0.167526   0.119001
   53   0.033884  -0.268478   0.097992   0.136602
   54   0.051143   0.072836  -0.022639  -0.101341
   55   0.020090   0.040423  -0.062401   0.001888
   56   0.177925  -0.334854   0.015673   0.141256
