  pos      val_A      val_C      val_G      val_T
   36   0.024513  -0.007600   0.027102  -0.044016
   37  -0.027534   0.091558  -0.009641  -0.054384
   38  -0.025265  -0.073486   0.153291  -0.054539
   39  -0.048344   0.030330  -0.106063   0.124078
   40   0.022567  -0.086118   0.126722  -0.063171
   41  -0.110149  -0.144632   0.193419   0.061362
   42  -0.067429  -0.088337   0.215178  -0.059412
   43   0.046089  -0.160833   0.041988   0.072757
   44  -0.080447  -0.041612   0.165179  -0.043120
   45  -0.028404  -0.036023   0.163235  -0.098808
   46   0.018414  -0.052829   0.148605  -0.114190
   47  -0.077451   0.027130   0.073636  -0.023315
   48   0.037752  -0.031472   0.000690  -0.006970
   49  -0.102113  -0.055619  -0.154952   0.312684
   50   0.027363   0.027744  -0.018664  -0.036442
   51   0.099417  -0.079906   0.005630  -0.025140
   52  -0.113255   0.025865   0.234718  -0.147329
   53  -0.043747   0.256751  -0.086383  -0.126621
   54  -0.073370  -0.044751   0.007723   0.110398
   55  -0.002833  -0.072835   0.081739  -0.006072
   56  -0.161169   0.344580  -0.046866  -0.136546
