  pos      val_A      val_C      val_G      val_T
   36  -0.069130   0.009300  -0.016707   0.076536
   37  -0.023173  -0.029585  -0.000057   0.052814
   38   0.031723   0.085546  -0.313757   0.196488
   39  -0.004996  -0.110938   0.045859   0.070075
   40  -0.216208   0.064144   0.028356   0.123708
   41  -0.271998  -0.040889   0.088736   0.224151
   42  -0.096809  -0.010686   0.152848  -0.045353
   43   0.000880  -0.263413   0.099590   0.162943
   44   0.164919   0.034722  -0.313964   0.114322
   45  -0.066245   0.127652   0.011985  -0.073392
   46  -0.009423   0.209913   0.017130  -0.217620
   47   0.088318   0.044864   0.005304  -0.138486
   48   0.048204   0.048392  -0.136962   0.040366
   49  -0.023507  -0.281211   0.097466   0.207251
   50   0.042978  -0.014668  -0.069147   0.040836
   51   0.098969  -0.077280   0.058510  -0.080199
