  pos      val_A      val_C      val_G      val_T
   36  -0.072173  -0.009539  -0.014954   0.096666
   37  -0.011035  -0.035403  -0.021948   0.068386
   38   0.076512   0.131230  -0.309998   0.102256
   39  -0.005875  -0.121075   0.044711   0.082239
   40  -0.248495   0.056834   0.045736   0.145925
   41  -0.265233  -0.014656   0.171660   0.108229
   42  -0.105331   0.010667   0.152828  -0.058164
   43   0.134235  -0.282216  -0.011212   0.159194
   44   0.130414   0.056275  -0.342385   0.155696
   45  -0.069573   0.130947   0.018005  -0.079379
   46   0.047520   0.129285   0.034725  -0.211529
   47   0.049638   0.078929   0.015376  -0.143942
   48   0.062631   0.048447  -0.152029   0.040950
   49   0.058680  -0.253495   0.187575   0.007241
   50   0.045636  -0.017315  -0.077067   0.048746
   51   0.125619  -0.093963   0.051809  -0.083464
