  pos      val_A      val_C      val_G      val_T
   36   0.071841  -0.021913   0.019847  -0.069775
   37   0.018143   0.033735   0.014985  -0.066863
   38  -0.060726  -0.096181   0.316650  -0.159743
   39   0.005633   0.107051  -0.038370  -0.074314
   40   0.274315   0.004677   0.026865  -0.305858
   41   0.245661   0.042888  -0.181887  -0.106661
   42   0.097895  -0.002178  -0.148952   0.053236
   43  -0.179675   0.268358   0.016375  -0.105058
   44  -0.091786  -0.008729   0.318323  -0.217808
   45   0.034543  -0.110478  -0.002580   0.078515
   46  -0.026534  -0.134691  -0.027062   0.188287
   47  -0.050792  -0.057021  -0.037701   0.145513
   48  -0.051668  -0.053511   0.142152  -0.036974
   49  -0.032817   0.216004  -0.159147  -0.024040
   50  -0.033885   0.006530   0.071212  -0.043856
   51  -0.118910   0.081679  -0.046182   0.083413
