  pos      val_A      val_C      val_G      val_T
   36   0.095463  -0.033280   0.036503  -0.098686
   37   0.008496  -0.067352   0.010482   0.048375
   38   0.054264  -0.062456  -0.070918   0.079110
   39  -0.121116  -0.028106  -0.062735   0.211957
   40  -0.082393  -0.022658   0.217774  -0.112723
   41  -0.069496  -0.151832   0.138922   0.082405
   42   0.091287  -0.056940   0.061618  -0.095966
   43   0.136252  -0.099820  -0.037218   0.000787
   44  -0.105032   0.063872   0.145069  -0.103910
   45  -0.137302   0.212754   0.072550  -0.148002
   46  -0.078695  -0.024258   0.185049  -0.082096
   47  -0.034476   0.003094  -0.023087   0.054469
   48   0.105779  -0.139004   0.081409  -0.048184
   49  -0.116992   0.011692  -0.080444   0.185744
   50   0.047812   0.017689  -0.001990  -0.063512
   51  -0.004580  -0.003337   0.052473  -0.044556
   52  -0.190904   0.227469   0.024928  -0.061492
   53   0.128174  -0.020299  -0.049877  -0.057998
   54   0.062393  -0.052904  -0.067187   0.057698
   55   0.056541  -0.002634  -0.059500   0.005593
   56  -0.020752   0.112504  -0.011202  -0.080551
