#base order is A, C, G, T
-0.000000000000000000e+00 1.843793547218374185e+00 -8.177229256358248266e-01 4.301819360152681959e+00
-0.000000000000000000e+00 2.168553429227578100e+00 8.688349606708836159e-01 -1.020760958542463515e+00
4.632115218708597881e-01 1.076869299454586759e+00 -8.469870029157751112e-01 -0.000000000000000000e+00
2.480047858002205619e+00 2.681275382855831335e+00 3.742703137665971180e+00 -0.000000000000000000e+00
5.914564225836553391e+00 5.285360451220705968e+00 -0.000000000000000000e+00 8.216381493004654146e+00
2.590436623042160491e+00 4.951112810664461961e+00 2.115578659945668960e+00 -0.000000000000000000e+00
-1.133343223723568549e+00 1.453524609406402934e+00 -0.000000000000000000e+00 2.985597414343522882e+00
-0.000000000000000000e+00 2.248337644679102354e+00 5.339327518185514876e+00 1.351509444111633096e+00
4.087744191615175104e+00 2.811248970584628193e+00 -0.000000000000000000e+00 3.290755064932605389e+00
5.687275830258307963e+00 -0.000000000000000000e+00 2.942876387784928216e+00 2.958404976085770244e+00
6.268466324006754853e+00 4.514362560337637831e+00 -0.000000000000000000e+00 3.945445222140866903e+00
1.960327594399805973e+00 -1.999740962015396362e-01 -0.000000000000000000e+00 1.034252725283666130e-01
-0.000000000000000000e+00 2.656415714589460908e+00 5.704841240118788681e-01 4.606489566265953073e+00
4.931945797526315012e+00 1.286940459797929481e+00 3.892174504427215798e+00 -0.000000000000000000e+00
-0.000000000000000000e+00 -3.925668903407956156e-01 1.183724092044910803e+00 3.298919759902442461e+00
-0.000000000000000000e+00 -9.866050277731223117e-01 -1.220822098400397682e+00 6.866699965677312001e-01
3.463031869669302321e+00 -0.000000000000000000e+00 2.076792006656122069e+00 3.399141825875478862e+00
-0.000000000000000000e+00 3.160659616084855017e+00 5.340894304000622483e+00 2.876026859673679770e+00
-0.000000000000000000e+00 9.445455330031282681e-01 3.569033634426955981e+00 1.240232833776450549e+00
2.544460163734398872e-01 2.855223425795309744e+00 1.118023540198074262e+00 -0.000000000000000000e+00
-1.288350567031526284e+00 -4.637128933316941648e+00 -3.317059657895130576e-01 -0.000000000000000000e+00
