  pos      val_A      val_C      val_G      val_T
   36   0.021349   0.125506  -0.008454  -0.138400
   37   0.058917  -0.119469  -0.036265   0.096817
   38  -0.042281  -0.036497   0.018224   0.060553
   39  -0.089829  -0.017141  -0.016606   0.123576
   40  -0.054285  -0.076906   0.250436  -0.119245
   41  -0.044742  -0.050796  -0.040732   0.136270
   42   0.117325  -0.097915   0.025537  -0.044946
   43   0.119330  -0.132688  -0.053342   0.066699
   44  -0.077684  -0.027661   0.146308  -0.040964
   45  -0.159225   0.244907   0.051308  -0.136990
   46  -0.022784  -0.005984   0.187750  -0.158983
   47  -0.000624   0.016959   0.005479  -0.021814
   48   0.151632  -0.101693   0.100241  -0.150181
   49  -0.092235   0.079454  -0.135304   0.148085
   50   0.059113   0.061911  -0.060271  -0.060753
   51   0.018543  -0.035075   0.050369  -0.033837
   52  -0.139163   0.140785   0.002208  -0.003830
   53   0.151208  -0.016264  -0.053728  -0.081216
   54   0.066902   0.046558  -0.140637   0.027178
   55   0.039676  -0.045744   0.007852  -0.001784
   56   0.011783   0.079748  -0.037667  -0.053865
