  pos      val_A      val_C      val_G      val_T
   36   0.076512  -0.029400   0.123484  -0.170595
   37   0.028960  -0.095607  -0.020948   0.087595
   38  -0.016655  -0.051905   0.058606   0.009953
   39  -0.014593  -0.026152  -0.087123   0.127867
   40  -0.060917  -0.024774   0.278830  -0.193139
   41  -0.010119  -0.145722   0.017158   0.138682
   42   0.112575  -0.036021   0.047473  -0.124027
   43   0.128372  -0.000778  -0.178332   0.050738
   44  -0.088479  -0.015154   0.146331  -0.042698
   45  -0.160272   0.166419  -0.002627  -0.003519
   46  -0.148569  -0.047809   0.211507  -0.015129
   47  -0.085841   0.038252   0.026765   0.020824
   48   0.112492  -0.040099   0.079722  -0.152116
   49  -0.138102   0.071276  -0.078375   0.145201
   50   0.058736   0.081286  -0.009260  -0.130762
   51  -0.021839   0.034834   0.048288  -0.061283
   52  -0.070556   0.128369   0.009073  -0.066886
   53   0.163389  -0.018167  -0.143405  -0.001817
   54   0.082628   0.028371  -0.122386   0.011386
   55   0.046096  -0.103299  -0.003510   0.060712
   56  -0.015851   0.176511  -0.070803  -0.089857
