#base order is A, C, G, T
-0.000000000000000000e+00 -1.142853121188673604e-01 -1.052452467252607410e-01 9.622462233250054231e-01
-0.000000000000000000e+00 5.179221489790274413e-01 -1.382116295891964719e-01 -4.302015758739382023e-01
3.356072203267055909e-01 1.491055332778054021e+00 2.129345049855057570e-01 -0.000000000000000000e+00
1.980982440538170630e+00 2.345862253567983391e+00 1.848616997632089864e+00 -0.000000000000000000e+00
5.840645997874572615e+00 6.758997218574093857e+00 -0.000000000000000000e+00 5.718764808996407822e+00
3.755737521382866095e+00 5.218270128633319516e+00 2.127192653332770522e+00 -0.000000000000000000e+00
3.600556675340540469e+00 4.455627438284814446e+00 -0.000000000000000000e+00 5.190886090298154620e-01
-0.000000000000000000e+00 4.077805473262925418e+00 3.265393820747468201e+00 3.564479732341169438e+00
1.420553931851262996e+00 1.268400327369315184e+00 -0.000000000000000000e+00 3.241981301156652950e+00
5.837410459876553048e+00 -0.000000000000000000e+00 2.429361352203554425e+00 5.018486072077530835e+00
4.761892633762532689e+00 4.648065573806475115e+00 -0.000000000000000000e+00 6.951768628395978311e+00
1.777657344542489248e+00 -6.472186910372017543e-01 -0.000000000000000000e+00 2.826304930200859711e-01
-0.000000000000000000e+00 1.577026215806961451e+00 1.205078210326540500e+00 3.376749096310189380e+00
4.972397013642230412e+00 4.215642169264368633e-01 3.361043544912080350e+00 -0.000000000000000000e+00
-0.000000000000000000e+00 5.441258408342283248e-01 1.926589297455594263e+00 1.148921490738606277e+00
-0.000000000000000000e+00 1.709613841579858740e+00 2.205262158160506747e+00 2.558546802828320477e+00
1.992522063183465697e+00 -0.000000000000000000e+00 4.070626189378908855e+00 4.871623197111656367e+00
-0.000000000000000000e+00 2.790977854376996081e+00 2.945325514668759137e+00 2.720045974145747447e+00
-0.000000000000000000e+00 1.105054260971473523e+00 1.550072656776253943e+00 4.483927980945592168e-02
8.176884956023555695e-01 6.502737054559321050e-01 4.894133098806028315e-01 -0.000000000000000000e+00
-4.158291216767294740e-01 -1.751162037674591554e+00 -5.042023569530930116e-01 -0.000000000000000000e+00
