#base order is A, C, G, T
-0.000000000000000000e+00 5.632030015416569224e-01 8.480441598038642725e-01 1.190583945225660356e+00
-0.000000000000000000e+00 1.557300083724534545e+00 1.416522240008251110e+00 5.511868173918150760e-01
-1.878477763991056593e-01 9.270394444926386424e-01 3.690853425632765195e-01 -0.000000000000000000e+00
2.447819752859811349e+00 1.448958083497693394e+00 2.530179045529532544e+00 -0.000000000000000000e+00
6.287985392650795369e+00 6.290917446299558513e+00 -0.000000000000000000e+00 5.327620016953910742e+00
3.922132246704174818e+00 4.216646564102257244e+00 2.423002013047066416e+00 -0.000000000000000000e+00
3.491172718436865274e+00 4.146787768015432363e+00 -0.000000000000000000e+00 1.664660369560048592e+00
-0.000000000000000000e+00 3.486303415055883814e+00 4.034558178798936190e+00 3.183123831963689643e+00
1.957734839184184672e+00 1.094519919653014872e+00 -0.000000000000000000e+00 3.831526553147307279e+00
4.526606521257216187e+00 -0.000000000000000000e+00 1.976086353539389773e+00 4.469837250388083660e+00
5.430791654719764772e+00 3.713603020461115456e+00 -0.000000000000000000e+00 6.615550761223552456e+00
5.891987986239942687e-01 -2.411771200410285587e+00 -0.000000000000000000e+00 3.813109591166014001e-01
-0.000000000000000000e+00 1.130345950173839320e+00 4.979909869071126316e-01 1.826355274574204435e+00
3.741968021607854578e+00 9.429170385816998401e-01 3.334909966388052371e+00 -0.000000000000000000e+00
-0.000000000000000000e+00 -3.123160716941439027e-02 1.882234457728534149e+00 2.061037372202214168e+00
-0.000000000000000000e+00 1.683417659197002036e+00 2.655066205631536835e+00 2.417281890526934429e+00
3.073237267761160574e+00 -0.000000000000000000e+00 4.036377622804195653e+00 4.052045784489773261e+00
-0.000000000000000000e+00 3.106628646591494292e+00 3.710029580076684930e+00 2.428735225092415018e+00
-0.000000000000000000e+00 1.976884814577668736e+00 1.269474513712693264e+00 -5.344453146383858905e-02
1.774939619519103409e-02 1.113957864601288206e+00 8.542878633327036786e-01 -0.000000000000000000e+00
1.126615435486796879e-01 -1.328089407637520480e+00 3.602106444656810180e-01 -0.000000000000000000e+00
