  pos      val_A      val_C      val_G      val_T
   36   0.013371   0.021601   0.020950  -0.055923
   37  -0.000909  -0.038206   0.009044   0.030071
   38   0.012551  -0.070656   0.021385   0.036719
   39  -0.031478  -0.057754  -0.021946   0.111178
   40  -0.090811  -0.156944   0.329790  -0.082034
   41  -0.070604  -0.175925   0.046672   0.199857
   42  -0.104904  -0.166480   0.154382   0.117001
   43   0.196373  -0.097281  -0.038777  -0.060315
   44   0.004478   0.015435   0.106776  -0.126688
   45  -0.181191   0.239177   0.064232  -0.122218
   46  -0.048354  -0.040157   0.294563  -0.206053
   47  -0.102574   0.072048   0.025440   0.005087
   48   0.110879  -0.002687   0.024098  -0.132290
   49  -0.200458   0.127260  -0.084420   0.157618
   50   0.065165   0.025981  -0.073574  -0.017572
   51   0.116542  -0.006572  -0.042265  -0.067706
   52   0.053374   0.196861  -0.096276  -0.153958
   53   0.152241  -0.048745  -0.059860  -0.043637
   54   0.048608  -0.030970  -0.063017   0.045379
   55  -0.023645  -0.011589  -0.000005   0.035239
   56  -0.018145   0.078016  -0.011781  -0.048090
