  pos      val_A      val_C      val_G      val_T
   36  -0.042319   0.029138  -0.069819   0.083000
   37  -0.040182   0.061032  -0.022859   0.002009
   38  -0.070662   0.049410   0.051108  -0.029856
   39   0.035465   0.100473   0.053611  -0.189548
   40   0.093632   0.150324  -0.333216   0.089259
   41   0.145919   0.119867  -0.063646  -0.202140
   42   0.083746   0.119800  -0.159479  -0.044067
   43  -0.171334   0.167927  -0.005697   0.009104
   44   0.115027  -0.050418  -0.084041   0.019432
   45   0.149213  -0.227857  -0.061217   0.139860
   46   0.064258   0.081825  -0.307172   0.161089
   47   0.134443  -0.080246  -0.040347  -0.013850
   48  -0.077740   0.049204  -0.101156   0.129692
   49   0.096355  -0.120142   0.127754  -0.103967
   50  -0.072421  -0.048186   0.042030   0.078577
   51  -0.120933  -0.029168   0.122166   0.027935
   52   0.018575  -0.206606   0.112083   0.075948
   53  -0.144429   0.039362   0.053626   0.051440
   54  -0.071804   0.053352   0.084330  -0.065877
   55  -0.044898   0.067682   0.015842  -0.038625
   56  -0.033034  -0.060548   0.035931   0.057652
