  pos      val_A      val_C      val_G      val_T
   36   0.049693   0.006666  -0.015095  -0.041264
   37   0.067325  -0.051648  -0.040893   0.025216
   38   0.035518  -0.049656  -0.007030   0.021167
   39  -0.064256   0.012054  -0.070548   0.122750
   40  -0.138382  -0.138606   0.342001  -0.065013
   41  -0.097917  -0.120417   0.016612   0.201722
   42  -0.089042  -0.139129   0.177673   0.050498
   43   0.204438  -0.061905  -0.103790  -0.038743
   44  -0.018090   0.047857   0.131475  -0.161242
   45  -0.136252   0.209567   0.058600  -0.131915
   46  -0.113893   0.017295   0.301003  -0.204405
   47  -0.072540   0.156725  -0.027527  -0.056658
   48   0.065982  -0.020373   0.027937  -0.073546
   49  -0.132703   0.081136  -0.101605   0.153172
   50   0.074717   0.077103  -0.069080  -0.082740
   51   0.129030   0.000422  -0.073809  -0.055643
   52  -0.021607   0.213179  -0.095188  -0.096385
   53   0.176580  -0.060757  -0.106855  -0.008968
   54   0.060982  -0.090046  -0.036002   0.065065
   55   0.036575  -0.047172  -0.027334   0.037931
   56  -0.024941   0.085128  -0.043853  -0.016334
