  pos      val_A      val_C      val_G      val_T
   20  -0.000008   0.014779  -0.018794   0.004023
   21  -0.008849   0.011703   0.017558  -0.020412
   22  -0.033743   0.027415   0.060439  -0.054111
   23  -0.028531   0.012426   0.040391  -0.024286
   24   0.027937  -0.037462   0.020363  -0.010838
   25   0.055593  -0.091980  -0.030292   0.066679
   26   0.100464  -0.124280  -0.151230   0.175046
   27   0.087698  -0.159975   0.143220  -0.070943
   28  -0.158805   0.089802  -0.033490   0.102493
   29  -0.008075  -0.057486   0.049668   0.015893
   30   0.244110  -0.168823  -0.044760  -0.030527
   31   0.119703  -0.120479   0.089801  -0.089026
   32   0.198694  -0.121024  -0.027711  -0.049959
   33   0.142952  -0.181728  -0.064070   0.102846
   34   0.180834  -0.164253  -0.070053   0.053471
   35   0.115230  -0.071528  -0.155953   0.112251
   36  -0.081667   0.129268  -0.080623   0.033022
   37   0.135440  -0.190306   0.110499  -0.055634
   38  -0.270432   0.083212   0.066981   0.120239
   39   0.220723  -0.009904  -0.114534  -0.096285
   40   0.270774   0.035828  -0.126247  -0.180355
