  pos      val_A      val_C      val_G      val_T
    0  -0.186410   0.102886   0.041250   0.042273
    1   0.080770  -0.270430   0.192197  -0.002537
    2  -0.203738   0.225005  -0.089814   0.068547
    3  -0.086952   0.099804  -0.010630  -0.002222
    4  -0.179072   0.132343   0.082611  -0.035882
    5  -0.149961   0.118886   0.098416  -0.067341
    6  -0.119089   0.084688  -0.051396   0.085797
    7   0.030546  -0.088991   0.068466  -0.010022
    8   0.056180  -0.066851  -0.011933   0.022605
    9  -0.125549   0.052397   0.048091   0.025062
   10  -0.100432   0.080454  -0.023263   0.043241
   11  -0.124904   0.092449   0.106290  -0.073835
   12   0.061852   0.116151   0.046637  -0.224641
   13  -0.082989   0.053108   0.146251  -0.116370
   14   0.014770   0.010063   0.085247  -0.110080
   15   0.005860  -0.167423   0.064720   0.096842
   16  -0.152565   0.115744  -0.197008   0.233828
   17   0.090444  -0.021436   0.084382  -0.153390
   18  -0.228577   0.072557   0.087887   0.068133
   19  -0.198062   0.053939   0.095177   0.048945
