  pos      val_A      val_C      val_G      val_T
   20   0.002246   0.013107  -0.021721   0.006369
   21  -0.002954   0.007559   0.010463  -0.015068
   22  -0.025158   0.031762   0.061520  -0.068124
   23  -0.020194   0.008079   0.039503  -0.027388
   24   0.029872  -0.026948   0.016139  -0.019063
   25   0.059169  -0.101108  -0.029309   0.071248
   26   0.108751  -0.102878  -0.169741   0.163867
   27   0.076940  -0.138871   0.133763  -0.071832
   28  -0.138946   0.071086  -0.030206   0.098066
   29  -0.000058  -0.053766   0.039768   0.014057
   30   0.233494  -0.138167  -0.047441  -0.047886
   31   0.115058  -0.122549   0.093519  -0.086028
   32   0.213850  -0.209683   0.020876  -0.025044
   33   0.138120  -0.167542  -0.077515   0.106937
   34   0.170092  -0.114977  -0.077708   0.022594
   35   0.116329  -0.067743  -0.160365   0.111779
   36  -0.072859   0.124097  -0.074641   0.023403
   37   0.131477  -0.204475   0.116386  -0.043388
   38  -0.245870   0.070040   0.060551   0.115279
   39   0.194958  -0.007590  -0.084072  -0.103296
   40   0.300232   0.083943  -0.241282  -0.142893
