  pos      val_A      val_C      val_G      val_T
    0  -0.151729   0.061249   0.044477   0.046003
    1  -0.010192  -0.226124   0.207513   0.028803
    2  -0.182864   0.170718  -0.075644   0.087791
    3  -0.076517   0.081851  -0.018710   0.013376
    4  -0.159459   0.108204   0.086369  -0.035113
    5  -0.159647   0.195371   0.048772  -0.084496
    6  -0.114428   0.064074  -0.049287   0.099641
    7   0.023541  -0.082606   0.064036  -0.004970
    8   0.056016  -0.067866  -0.006900   0.018749
    9  -0.118199   0.045566   0.042055   0.030577
   10  -0.094782   0.072034  -0.026099   0.048847
   11  -0.151029   0.197121   0.059032  -0.105124
   12  -0.031633   0.100510   0.126721  -0.195598
   13  -0.081682   0.043308   0.144351  -0.105977
   14   0.010809  -0.010195   0.094609  -0.095223
   15  -0.015386  -0.175264   0.025352   0.165298
   16  -0.110123   0.171337  -0.147489   0.086274
   17   0.226009  -0.066208   0.022503  -0.182304
   18  -0.241242   0.198328   0.021927   0.020987
   19  -0.204724   0.042799   0.136131   0.025795
