  pos      val_A      val_C      val_G      val_T
   20  -0.000350   0.010913  -0.014622   0.004059
   21  -0.000507   0.011713   0.012332  -0.023538
   22  -0.027535   0.036861   0.058476  -0.067801
   23  -0.020886   0.013058   0.035310  -0.027482
   24   0.024939  -0.030695   0.019493  -0.013737
   25   0.068821  -0.111646  -0.030686   0.073511
   26   0.083645  -0.101847  -0.140427   0.158629
   27   0.072007  -0.115862   0.134107  -0.090252
   28  -0.137252   0.078683  -0.037325   0.095894
   29  -0.004910  -0.049329   0.045688   0.008551
   30   0.252711  -0.207556  -0.009037  -0.036118
   31   0.110723  -0.141923   0.090791  -0.059591
   32   0.203030  -0.134970   0.001409  -0.069469
   33   0.150566  -0.183662  -0.074707   0.107803
   34   0.171131  -0.152994  -0.063996   0.045859
   35   0.105182  -0.056037  -0.153558   0.104413
   36  -0.063259   0.112401  -0.086010   0.036867
   37   0.140502  -0.212357   0.120393  -0.048538
   38  -0.198912   0.056344   0.043954   0.098614
   39   0.223655   0.010378  -0.080178  -0.153855
   40   0.292174   0.089643  -0.131063  -0.250755
