  pos      val_A      val_C      val_G      val_T
    0  -0.169340   0.063961   0.059875   0.045505
    1   0.031144  -0.212190   0.109048   0.071998
    2  -0.189766   0.160335  -0.077071   0.106503
    3  -0.093018   0.084778  -0.010800   0.019040
    4  -0.174239   0.142655   0.062538  -0.030954
    5  -0.203169   0.289845   0.031140  -0.117816
    6  -0.118905   0.077097  -0.053797   0.095605
    7   0.028418  -0.086820   0.071838  -0.013435
    8   0.053665  -0.062526  -0.009114   0.017974
    9  -0.119016   0.064483   0.033392   0.021141
   10  -0.110867   0.076352  -0.029153   0.063668
   11  -0.138814   0.116448   0.106227  -0.083861
   12  -0.056018   0.116961   0.151331  -0.212274
   13  -0.097700   0.042906   0.178727  -0.123933
   14   0.015566   0.004772   0.085557  -0.105896
   15   0.011079  -0.164605   0.043685   0.109840
   16  -0.134042   0.174993  -0.166967   0.126016
   17   0.072614  -0.025638   0.103641  -0.150616
   18  -0.214166   0.052741   0.061637   0.099788
   19  -0.214975   0.082131   0.089088   0.043756
