  pos      val_A      val_C      val_G      val_T
   36   0.055542   0.007693   0.050552  -0.113787
   37   0.055293  -0.088677   0.047718  -0.014334
   38  -0.034127   0.081422  -0.045714  -0.001580
   39  -0.059060  -0.030250  -0.060976   0.150286
   40  -0.128232  -0.004189   0.236625  -0.104204
   41  -0.086704  -0.136636   0.101363   0.121977
   42  -0.079807  -0.111192   0.170579   0.020419
   43   0.181646  -0.005695  -0.087516  -0.088435
   44  -0.042557   0.026467   0.143077  -0.126987
   45  -0.149561   0.175350   0.053479  -0.079268
   46  -0.105172  -0.115151   0.253032  -0.032709
   47  -0.088331   0.076300  -0.029030   0.041061
   48   0.048896  -0.115719  -0.060870   0.127693
   49  -0.120208   0.132195  -0.067434   0.055447
   50   0.008212   0.022685   0.023112  -0.054009
   51   0.035654   0.037069  -0.055853  -0.016870
   52  -0.106844   0.162404  -0.037352  -0.018208
   53   0.196280   0.018974  -0.067933  -0.147321
   54   0.099250  -0.073861  -0.071952   0.046563
   55   0.037230  -0.056668  -0.047756   0.067194
   56  -0.042481   0.142962  -0.044126  -0.056355
