  pos      val_A      val_C      val_G      val_T
   36  -0.077745  -0.030713  -0.087485   0.195944
   37  -0.055985  -0.004066   0.070966  -0.010915
   38   0.041480  -0.010989  -0.010251  -0.020240
   39   0.021710   0.063907   0.074288  -0.159904
   40   0.162179   0.056507  -0.184261  -0.034425
   41  -0.012529   0.102648   0.059615  -0.149734
   42   0.057331   0.150149  -0.096610  -0.110870
   43  -0.163036   0.064806   0.107148  -0.008918
   44   0.095014  -0.103506  -0.137875   0.146368
   45   0.120030  -0.177811  -0.083993   0.141774
   46   0.066559   0.057876  -0.214012   0.089576
   47   0.078246  -0.053987   0.015957  -0.040215
   48   0.059575  -0.039654   0.036569  -0.056490
   49  -0.012571   0.132287   0.034241  -0.153957
   50   0.011555   0.069264  -0.093594   0.012775
   51  -0.060662  -0.062625   0.053491   0.069797
   52   0.086380  -0.132529   0.077537  -0.031389
   53  -0.117706  -0.009052   0.054268   0.072489
   54  -0.056769   0.061339   0.080022  -0.084593
   55  -0.042149   0.072958   0.007030  -0.037839
   56   0.078065  -0.173219  -0.015877   0.111031
