#base order is A, C, G, T
-0.000000000000000000e+00 7.929886154562139078e-01 8.269792871588764471e-02 2.806244002311129471e+00
-0.000000000000000000e+00 2.385976111668605792e+00 1.255384388823344022e-01 1.153909555651524421e+00
5.393926825482955323e-01 -1.375569835526273321e+00 7.314209190274517658e-01 -0.000000000000000000e+00
3.469434986965172829e+00 2.991974600932162165e+00 3.501188339955080497e+00 -0.000000000000000000e+00
6.046676989477477449e+00 3.990945692542637868e+00 -0.000000000000000000e+00 5.648467404069592135e+00
3.458414120713455997e+00 4.285923735270911195e+00 3.416302810720056593e-01 -0.000000000000000000e+00
4.149579875642532834e+00 4.669715044529934467e+00 -0.000000000000000000e+00 2.488561317831199826e+00
-0.000000000000000000e+00 3.104752036786193159e+00 4.460749476758666177e+00 4.475979816736602501e+00
3.076462384618253498e+00 1.932546185883698753e+00 -0.000000000000000000e+00 4.475698080306107052e+00
5.384662668739030877e+00 -0.000000000000000000e+00 2.019735324756300798e+00 4.219715674104584480e+00
5.936418608766695471e+00 6.101797893467264977e+00 -0.000000000000000000e+00 4.735508787416121024e+00
9.827795332226157976e-01 -1.745605777884658094e+00 -0.000000000000000000e+00 -1.161599302930917732e+00
-0.000000000000000000e+00 2.728120147407984586e+00 1.819122413512649583e+00 -1.305881500806773010e+00
2.911083099917683548e+00 -1.271923974566521842e+00 2.036473783273945237e+00 -0.000000000000000000e+00
-0.000000000000000000e+00 -2.398571387384852982e-01 -2.469336949632716660e-01 1.031171908342934707e+00
-0.000000000000000000e+00 -2.345041465590800775e-02 1.516520914429805522e+00 8.704661338423410610e-01
4.462174731642346792e+00 -0.000000000000000000e+00 3.310502494703576826e+00 2.993234128503786451e+00
-0.000000000000000000e+00 2.938444679138110693e+00 4.378731030022207982e+00 5.694407014971484493e+00
-0.000000000000000000e+00 2.868922071730666268e+00 2.837284727859197275e+00 8.731674890288521063e-01
4.965853178442599658e-01 2.052731632586628052e+00 1.905035452082421310e+00 -0.000000000000000000e+00
-2.299300727463377270e-01 -3.303227065704323895e+00 -2.026679299131443068e-01 -0.000000000000000000e+00
