  pos      val_A      val_C      val_G      val_T
   36  -0.063641   0.032979  -0.058723   0.089386
   37  -0.009939   0.118971  -0.031598  -0.077434
   38  -0.017627   0.076542  -0.025166  -0.033749
   39   0.054861   0.027421   0.059381  -0.141663
   40   0.084690   0.055983  -0.240308   0.099635
   41   0.091050  -0.013873  -0.044542  -0.032635
   42   0.055104   0.141698  -0.102650  -0.094153
   43  -0.248496  -0.036202   0.173398   0.111300
   44  -0.050482   0.023729  -0.159627   0.186380
   45   0.208030  -0.147944  -0.112701   0.052615
   46   0.063516  -0.005257  -0.197744   0.139485
   47   0.028559  -0.022662   0.004640  -0.010537
   48  -0.029703   0.050277   0.057181  -0.077755
   49   0.084923  -0.063092   0.053346  -0.075177
   50   0.047999  -0.006067  -0.098968   0.057035
   51  -0.033843  -0.071601   0.005818   0.099626
   52   0.017523  -0.141964   0.179184  -0.054743
   53  -0.140877   0.079563  -0.003374   0.064688
   54  -0.128218   0.044431   0.094397  -0.010610
   55  -0.017959   0.047475   0.005832  -0.035348
   56   0.004933  -0.134502   0.021307   0.108262
