  operator reptype chain_num  feature_num  feature_min  feature_val  feature_max
0       O2     446        10          0.0    -0.003094    -0.001679    -0.001179
0       O2     446        10          1.0     0.136064     0.137681     0.141299
0       O2     446        10          2.0    -0.022602    -0.018759    -0.011806
0       O2    1027         2          0.0     0.009924     0.012537     0.015663
0       O2    1027         2          1.0    -0.012626    -0.010107    -0.007976
0       O2    1027         2          2.0     0.008958     0.010291     0.013107
0       O2    RBS1        12          0.0    -0.014530    -0.013956    -0.012898
0       O2    RBS1        12          1.0     0.146330     0.150434     0.152941
0       O2    RBS1        12          2.0     0.023267     0.025082     0.026026
0       O2    RBS1        10          0.0    -0.014511    -0.013910    -0.012812
0       O2    RBS1        10          1.0     0.146261     0.150275     0.152913
0       O2    RBS1        10          2.0     0.023122     0.024974     0.026016
0       O2     446        11          0.0    -0.003141    -0.001730    -0.001188
0       O2     446        11          1.0     0.135941     0.137816     0.141447
0       O2     446        11          2.0    -0.022573    -0.018385    -0.011613
0       O2    1027         0          0.0     0.005248     0.007565     0.010996
0       O2    1027         0          1.0    -0.008841    -0.006080    -0.004221
0       O2    1027         0          2.0     0.008307     0.009493     0.011315
0       O1    RBS1        11          0.0    -0.003889    -0.003792    -0.003520
0       O1    RBS1        11          1.0     0.023558     0.025038     0.025443
0       O1    RBS1        11          2.0     0.005959     0.006379     0.006505
0       O1    RBS1        10          0.0    -0.003891    -0.003854    -0.003460
0       O1    RBS1        10          1.0     0.023082     0.025267     0.025449
0       O1    RBS1        10          2.0     0.005843     0.006456     0.006507
0       O2    1027         1          0.0     0.006805     0.010053     0.012615
0       O2    1027         1          1.0    -0.010139    -0.008094    -0.005486
0       O2    1027         1          2.0     0.008572     0.009409     0.010299
0       O2     446        12          0.0    -0.002763    -0.001616    -0.001137
0       O2     446        12          1.0     0.135796     0.137472     0.140633
0       O2     446        12          2.0    -0.023021    -0.019117    -0.013112
0       O2    RBS1        11          0.0    -0.014492    -0.013810    -0.012575
0       O2    RBS1        11          1.0     0.145620     0.149753     0.152885
0       O2    RBS1        11          2.0     0.022673     0.024726     0.025984
0       O2    1147        10          0.0    -0.003677    -0.002390    -0.001682
0       O2    1147        10          1.0     0.134562     0.138355     0.142226
0       O2    1147        10          2.0    -0.021753    -0.017714    -0.012543