val_A      val_C      val_G      val_T
 0.000000   0.031970   0.003689   0.077005
 0.000000  -0.001068   0.045114   0.007878
 0.045453   0.027012   0.048976   0.000000
 0.170494   0.259815   0.210227   0.000000
 0.563056   0.400648   0.000000   0.451248
 0.232646   0.276424   0.190989   0.000000
 0.323417   0.306206   0.000000   0.342385
 0.000000   0.449167   0.379981   0.366620
 0.184382   0.135729   0.000000   0.336781
 0.560430   0.000000   0.187079   0.368460
 0.365984   0.379514   0.000000   0.433021
 0.054527  -0.035735   0.000000   0.002920
 0.000000   0.189439   0.027295   0.198810
 0.208755   0.079145   0.232784   0.000000
 0.000000   0.007349   0.032196   0.106019
 0.000000   0.003631   0.119738   0.143772
 0.131185   0.000000   0.173266   0.170692
 0.000000   0.147835   0.221337   0.169728
 0.000000   0.086377   0.133614  -0.003782
 0.006689   0.102398   0.063045   0.000000
 0.048413  -0.085086  -0.078319   0.000000