val_A      val_C      val_G      val_T
 0.000000   0.034695  -0.034720   0.142113
 0.000000   0.235539   0.019540  -0.016207
 0.042089   0.037667   0.070028   0.000000
 0.167622   0.213270   0.216080   0.000000
 0.569727   0.366179   0.000000   0.554786
 0.286250   0.295677   0.174000   0.000000
 0.431977   0.350124   0.000000   0.316320
 0.000000   0.332355   0.329746   0.366251
 0.165534   0.095306   0.000000   0.342492
 0.486422   0.000000   0.183610   0.363197
 0.315653   0.321734   0.000000   0.356001
 0.061928  -0.031102   0.000000   0.027747
 0.000000   0.164947   0.001200   0.190348
 0.218627   0.070560   0.173353   0.000000
 0.000000  -0.021154   0.043838   0.079632
 0.000000   0.028861   0.103045   0.143977
 0.126416   0.000000   0.163886   0.148598
 0.000000   0.173380   0.212515   0.175684
 0.000000   0.095119   0.130921   0.013104
-0.051972   0.085361   0.026571   0.000000
 0.001776  -0.120905  -0.065671   0.000000