pos  val_A      val_C      val_G      val_T    
36    0.000000   0.037187  -0.004217   0.119179
37    0.000000   0.113125   0.031005   0.030382
38    0.028718   0.059932   0.074238   0.000000
39    0.187846   0.207962   0.211636   0.000000
40    0.443478   0.460725   0.000000   0.448804
41    0.254976   0.334317   0.206192   0.000000
42    0.342526   0.330266   0.000000   0.314348
43    0.000000   0.458483   0.345793   0.378840
44    0.197295   0.149048   0.000000   0.311378
45    0.552075   0.000000   0.191161   0.374731
46    0.363001   0.378002   0.000000   0.482797
47    0.077794  -0.006443   0.000000   0.015113
48    0.000000   0.139447   0.009934   0.213606
49    0.236803   0.086580   0.214149   0.000000
50    0.000000  -0.003544   0.082130   0.116583
51    0.000000   0.060047   0.119527   0.149938
52    0.152521   0.000000   0.166987   0.176112
53    0.000000   0.180068   0.230646   0.171210
54    0.000000   0.108550   0.136465   0.029385
55   -0.018889   0.081492   0.066973   0.000000
56   -0.005540  -0.105966  -0.015530   0.000000