  pos      val_A      val_C      val_G      val_T
    0  -0.085145  -0.002714  -0.040343   0.128202
    1  -0.039716   0.093518  -0.071820   0.018018
    2  -0.135803  -0.154703   0.214697   0.075809
    3   0.008752  -0.121168   0.276462  -0.164046
    4  -0.065694   0.131214  -0.084500   0.018980
    5   0.105637  -0.015553  -0.060140  -0.029944
    6   0.028203  -0.018338  -0.068776   0.058912
    7   0.028995  -0.092231   0.000203   0.063033
    8   0.034128  -0.001926  -0.046234   0.014032
    9   0.004684   0.010903  -0.047936   0.032349
   10  -0.022382   0.047762  -0.027771   0.002391
   11  -0.036586  -0.024116   0.037305   0.023397
   12   0.026636  -0.036876   0.039641  -0.029401
   13  -0.018563   0.015631  -0.012186   0.015118
   14   0.081951  -0.015245  -0.052672  -0.014034
   15   0.027709  -0.014269   0.006966  -0.020406
   16  -0.024882  -0.017477   0.044486  -0.002128
   17   0.026476  -0.006140  -0.044330   0.023994
   18   0.045994  -0.038203  -0.013470   0.005679
   19  -0.048322  -0.050509  -0.016670   0.115501
   20   0.067738  -0.045975   0.016674  -0.038437
   21   0.101067  -0.056852   0.024585  -0.068801
   22   0.008994  -0.131520   0.091789   0.030737
   23  -0.015600   0.035863   0.005425  -0.025688
   24  -0.081192  -0.051010  -0.114531   0.246733
   25   0.361675  -0.190542  -0.050287  -0.120846
   26   0.072686  -0.074773  -0.120977   0.123063
   27   0.178973  -0.102649  -0.073585  -0.002739
   28   0.080219   0.078195  -0.028807  -0.129606
   29  -0.088692  -0.202393   0.034264   0.256821
   30   0.091798  -0.060035   0.023662  -0.055425
   31   0.005520  -0.042561  -0.005924   0.042964
   32   0.027180  -0.011462   0.013255  -0.028974
   33  -0.000447  -0.027888  -0.063578   0.091912
   34   0.076220  -0.114350  -0.030278   0.068408
   35   0.014294  -0.031282  -0.006678   0.023666
