  pos      val_A      val_C      val_G      val_T
    0  -0.080758  -0.013645  -0.041776   0.136178
    1  -0.054159   0.116637  -0.065977   0.003500
    2  -0.141586  -0.156224   0.221955   0.075854
    3   0.011194  -0.116473   0.267379  -0.162100
    4  -0.072720   0.142371  -0.071263   0.001611
    5   0.099184   0.000930  -0.070160  -0.029953
    6   0.018328  -0.016695  -0.049606   0.047973
    7   0.022558  -0.057705  -0.020614   0.055761
    8   0.032961   0.001062  -0.041892   0.007869
    9  -0.003478   0.027357  -0.051470   0.027591
   10  -0.020194   0.040770  -0.024864   0.004288
   11  -0.029867  -0.024969   0.038041   0.016795
   12   0.045369  -0.027853   0.037484  -0.055000
   13  -0.043159   0.026535   0.008811   0.007812
   14   0.091681  -0.050789  -0.022749  -0.018144
   15   0.032003  -0.064912   0.047757  -0.014848
   16  -0.020409  -0.017621   0.042686  -0.004655
   17   0.024231  -0.007314  -0.032668   0.015751
   18   0.044908  -0.046359  -0.017259   0.018710
   19  -0.052773  -0.041453  -0.010376   0.104601
   20   0.070323  -0.048678   0.003684  -0.025329
   21   0.120638  -0.045922   0.005210  -0.079926
   22   0.003661  -0.138189   0.105402   0.029126
   23  -0.022476   0.035548   0.007718  -0.020789
   24  -0.075348  -0.018820  -0.151007   0.245175
   25   0.335035  -0.136055  -0.080108  -0.118872
   26   0.058929  -0.052044  -0.133869   0.126984
   27   0.187699  -0.119020  -0.062267  -0.006412
   28   0.081110   0.079790  -0.038944  -0.121956
   29  -0.053613  -0.216140   0.019907   0.249846
   30   0.093458  -0.067288   0.022358  -0.048528
   31   0.023900  -0.044386  -0.022253   0.042739
   32   0.030642  -0.010464   0.008696  -0.028874
   33  -0.002860  -0.043571  -0.044929   0.091361
   34   0.092600  -0.137315  -0.042697   0.087412
   35   0.016222  -0.042500   0.002585   0.023694
