  pos      val_A      val_C      val_G      val_T
    0  -0.099689  -0.042011  -0.009520   0.151220
    1  -0.086253   0.082854  -0.031924   0.035323
    2  -0.114706  -0.211355   0.200068   0.125993
    3   0.046817  -0.092290   0.211439  -0.165967
    4  -0.115510   0.163998  -0.076420   0.027932
    5   0.146550  -0.056442  -0.064212  -0.025896
    6   0.038945   0.009526  -0.072586   0.024115
    7   0.035425  -0.027467  -0.068014   0.060056
    8   0.012326  -0.009566  -0.009069   0.006309
    9   0.006625  -0.011563  -0.027099   0.032037
   10   0.006202  -0.007461  -0.014415   0.015674
   11  -0.022882   0.014036  -0.015257   0.024104
   12   0.033608  -0.005178   0.024399  -0.052829
   13  -0.015525   0.011601   0.015749  -0.011825
   14   0.013889  -0.030133   0.006681   0.009564
   15   0.012151  -0.030393   0.013297   0.004946
   16   0.011363   0.004385  -0.037612   0.021865
   17  -0.011396  -0.008222   0.012404   0.007214
   18   0.045746  -0.033589  -0.029562   0.017405
   19  -0.033850  -0.033116  -0.006709   0.073675
   20   0.050586  -0.039833   0.043811  -0.054564
   21  -0.004722  -0.077960   0.109906  -0.027224
   22   0.002213  -0.116449   0.108090   0.006146
   23  -0.042799   0.047782   0.014454  -0.019437
   24   0.026847  -0.142982  -0.184525   0.300660
   25   0.370499  -0.163026  -0.148378  -0.059095
   26  -0.004188  -0.053520  -0.084191   0.141900
   27   0.156783  -0.107088  -0.054268   0.004574
   28   0.123499   0.066852  -0.107428  -0.082922
   29  -0.122153   0.027202  -0.150447   0.245398
   30   0.052922  -0.035114   0.030369  -0.048178
   31   0.029595  -0.055832   0.001486   0.024751
   32   0.029114  -0.019443   0.009859  -0.019529
   33  -0.016592  -0.024227  -0.026151   0.066969
   34   0.061578  -0.070400  -0.033955   0.042776
   35  -0.001934   0.009201   0.020164  -0.027432
