  pos      val_A      val_C      val_G      val_T
    0  -0.104531  -0.003518  -0.024377   0.132425
    1  -0.041621   0.008941  -0.013150   0.045830
    2  -0.142182  -0.220164   0.255971   0.106375
    3   0.000799  -0.118544   0.142267  -0.024521
    4  -0.197462   0.022820   0.008690   0.165953
    5   0.143153  -0.029064  -0.067249  -0.046839
    6   0.086159   0.006766  -0.127950   0.035026
    7   0.048426  -0.109827  -0.005472   0.066873
    8   0.078593  -0.062725  -0.015847  -0.000021
    9  -0.020972   0.007043  -0.008496   0.022425
   10   0.004085  -0.018027   0.002594   0.011347
   11  -0.026914  -0.011545   0.008903   0.029555
   12   0.037439  -0.005642  -0.009466  -0.022332
   13   0.018547   0.005230  -0.017995  -0.005782
   14  -0.005207   0.024105  -0.009996  -0.008901
   15   0.063937  -0.006418  -0.061462   0.003943
   16  -0.000778  -0.022781   0.019374   0.004185
   17   0.019853  -0.047623   0.026174   0.001596
   18   0.019163  -0.037083  -0.018477   0.036396
   19  -0.077377  -0.008569  -0.004540   0.090486
   20   0.048325  -0.085208   0.042910  -0.006027
   21  -0.035960   0.019213   0.040737  -0.023990
   22  -0.010474  -0.141481   0.161577  -0.009623
   23  -0.092308   0.046802   0.024671   0.020835
   24  -0.086506  -0.037797  -0.106049   0.230352
   25   0.270592  -0.042119  -0.171899  -0.056574
   26   0.079988  -0.050371  -0.145179   0.115562
   27   0.193176  -0.164200  -0.064646   0.035671
   28   0.153150   0.048253  -0.096861  -0.104543
   29  -0.026916  -0.149153  -0.099655   0.275724
   30   0.095775  -0.070344   0.020470  -0.045901
   31   0.018110  -0.053844  -0.002516   0.038250
   32  -0.003641  -0.004831   0.036969  -0.028497
   33   0.009968  -0.072284  -0.017249   0.079566
   34   0.111604  -0.134931  -0.051502   0.074828
   35  -0.022018  -0.029301   0.039507   0.011812
