  pos      val_A      val_C      val_G      val_T
   36  -0.032934   0.005664  -0.073167   0.100437
   37  -0.058407   0.170109  -0.038809  -0.072893
   38  -0.000594   0.000731   0.033718  -0.033855
   39   0.018448   0.062492   0.058872  -0.139812
   40   0.232722   0.073701  -0.339894   0.033471
   41   0.071349   0.119333  -0.006106  -0.184576
   42   0.124552   0.010839  -0.285018   0.149627
   43  -0.287461   0.106197   0.128912   0.052352
   44   0.022117  -0.038256  -0.152401   0.168539
   45   0.258703  -0.283698  -0.098877   0.123872
   46   0.045919   0.076969  -0.229431   0.106544
   47   0.040267  -0.040958  -0.014175   0.014867
   48  -0.081978   0.062558  -0.081347   0.100767
   49   0.109184  -0.064054   0.069545  -0.114674
   50  -0.019660  -0.052600   0.016927   0.055333
   51  -0.067026  -0.044006   0.036970   0.074062
   52   0.006437  -0.107794   0.068681   0.032676
   53  -0.140137   0.029919   0.063064   0.047154
   54  -0.062479   0.020233   0.067301  -0.025055
   55  -0.054530   0.052405   0.016908  -0.014784
   56   0.044305  -0.074060  -0.013817   0.043572
