  pos      val_A      val_C      val_G      val_T
   36  -0.026062  -0.008447   0.011881   0.022628
   37  -0.017288  -0.018360   0.036453  -0.000804
   38   0.015090   0.033939  -0.025045  -0.023984
   39  -0.000120   0.015577   0.115375  -0.130832
   40   0.304163   0.221521  -0.476043  -0.049641
   41   0.038380   0.109400   0.017932  -0.165712
   42   0.085928   0.069533  -0.215790   0.060329
   43  -0.265519   0.119259   0.042567   0.103692
   44   0.008764  -0.019888  -0.139898   0.151023
   45   0.184879  -0.247347  -0.069889   0.132357
   46   0.100383   0.051530  -0.261741   0.109828
   47   0.085359  -0.051177  -0.012593  -0.021588
   48  -0.089223   0.082653  -0.075556   0.082126
   49   0.065634  -0.046793   0.088167  -0.107007
   50  -0.034883  -0.030965   0.002606   0.063242
   51  -0.061458  -0.020152   0.027689   0.053921
   52  -0.016089  -0.095777   0.064516   0.047350
   53  -0.116981   0.020380   0.074829   0.021773
   54  -0.051640   0.038961   0.060130  -0.047451
   55  -0.050773   0.029168   0.038605  -0.017000
   56   0.057635  -0.073980   0.001233   0.015112
