  pos      val_A      val_C      val_G      val_T
    0  -0.110532  -0.039549  -0.011443   0.161524
    1  -0.089156   0.082787  -0.025761   0.032129
    2  -0.112913  -0.221078   0.215153   0.118838
    3   0.049094  -0.104679   0.221358  -0.165773
    4  -0.122728   0.174741  -0.078152   0.026139
    5   0.154524  -0.068398  -0.063776  -0.022350
    6   0.038826   0.009825  -0.075873   0.027222
    7   0.029091  -0.026678  -0.057337   0.054924
    8   0.003231  -0.006216  -0.002868   0.005854
    9   0.006932  -0.019716  -0.022708   0.035493
   10   0.008308  -0.022064  -0.003754   0.017510
   11  -0.024379   0.003749  -0.005031   0.025661
   12   0.044867  -0.013575   0.019645  -0.050937
   13  -0.018628   0.014445   0.027149  -0.022966
   14   0.011889  -0.015493  -0.001559   0.005163
   15   0.016021  -0.027870   0.007485   0.004365
   16   0.003571   0.000370  -0.018636   0.014695
   17  -0.006085  -0.009616   0.003431   0.012271
   18   0.051546  -0.031189  -0.028981   0.008624
   19  -0.027768  -0.029953  -0.016064   0.073784
   20   0.061563  -0.040235   0.049928  -0.071256
   21  -0.009815  -0.052735   0.091235  -0.028685
   22  -0.004012  -0.120557   0.109716   0.014853
   23  -0.057900   0.045362   0.022616  -0.010077
   24  -0.017081  -0.100663  -0.147355   0.265099
   25   0.385607  -0.135107  -0.163071  -0.087430
   26  -0.005845  -0.056789  -0.085980   0.148614
   27   0.165513  -0.106453  -0.069657   0.010597
   28   0.127690   0.065274  -0.108422  -0.084542
   29  -0.099314   0.010175  -0.155408   0.244548
   30   0.045203  -0.034038   0.028039  -0.039204
   31   0.033560  -0.066208   0.006097   0.026552
   32   0.022947  -0.015937   0.005713  -0.012724
   33  -0.003347  -0.034421  -0.031261   0.069029
   34   0.064774  -0.073032  -0.032390   0.040647
   35  -0.001933   0.005069   0.022343  -0.025479
