  pos      val_A      val_C      val_G      val_T
    0  -0.112046  -0.036836  -0.012105   0.160988
    1  -0.085117   0.076544  -0.029312   0.037885
    2  -0.125733  -0.225719   0.224049   0.127402
    3   0.045821  -0.103480   0.228975  -0.171316
    4  -0.124956   0.172952  -0.069677   0.021681
    5   0.153040  -0.071181  -0.081329  -0.000530
    6   0.038910   0.006498  -0.079472   0.034064
    7   0.042036  -0.032550  -0.064915   0.055430
    8   0.018389  -0.032553  -0.001464   0.015627
    9  -0.010098   0.007356  -0.029807   0.032549
   10   0.012201  -0.014825  -0.011225   0.013850
   11  -0.011158   0.011431  -0.024323   0.024049
   12   0.029453  -0.004847   0.016678  -0.041284
   13  -0.030502   0.007954   0.029470  -0.006922
   14   0.011806  -0.026823   0.008895   0.006123
   15   0.002484  -0.011185   0.005167   0.003535
   16   0.004817  -0.003105  -0.021338   0.019626
   17  -0.008026  -0.010195   0.007292   0.010929
   18   0.044921  -0.036554  -0.024000   0.015633
   19  -0.024588  -0.033309  -0.012128   0.070025
   20   0.053367  -0.032324   0.034988  -0.056031
   21  -0.013720  -0.065553   0.112595  -0.033322
   22  -0.019382  -0.117472   0.124146   0.012708
   23  -0.050996   0.041051   0.016570  -0.006625
   24  -0.046008  -0.085399  -0.131492   0.262898
   25   0.363423  -0.152205  -0.155545  -0.055673
   26  -0.010305  -0.042908  -0.095845   0.149057
   27   0.165630  -0.084893  -0.097230   0.016493
   28   0.131979   0.074200  -0.097533  -0.108646
   29  -0.086260   0.000886  -0.158175   0.243549
   30   0.042878  -0.027766   0.032999  -0.048110
   31   0.018625  -0.056626   0.010147   0.027853
   32   0.026466  -0.014138   0.005368  -0.017696
   33  -0.019928  -0.026145  -0.022996   0.069068
   34   0.074543  -0.081557  -0.032591   0.039605
   35  -0.020243   0.021122   0.022554  -0.023433
