  pos      val_A      val_C      val_G      val_T
   36  -0.046663  -0.004272  -0.054780   0.105716
   37  -0.046468   0.095413  -0.007930  -0.041015
   38  -0.013687   0.002603   0.054298  -0.043214
   39   0.045503   0.021503   0.071512  -0.138518
   40   0.128711   0.112390  -0.339912   0.098811
   41   0.068547   0.123606  -0.000825  -0.191328
   42   0.125547   0.089976  -0.253620   0.038097
   43  -0.331963   0.274932   0.004178   0.052854
   44   0.017224  -0.017554  -0.140330   0.140659
   45   0.266602  -0.256159  -0.096398   0.085955
   46  -0.033210   0.075314  -0.244116   0.202011
   47   0.014441  -0.025743  -0.026062   0.037365
   48  -0.087726   0.075124  -0.097074   0.109676
   49   0.080218  -0.027093   0.070239  -0.123365
   50  -0.042278  -0.042710   0.020267   0.064721
   51  -0.067331  -0.023539   0.025228   0.065642
   52   0.019958  -0.126255   0.074393   0.031905
   53  -0.120594   0.037042   0.046396   0.037157
   54  -0.060125   0.039734   0.052305  -0.031915
   55  -0.046891   0.047724   0.022725  -0.023559
   56   0.002166  -0.076244   0.042801   0.031277
