  pos      val_A      val_C      val_G      val_T
    0  -0.102892  -0.008388  -0.019436   0.130716
    1  -0.041487   0.020595  -0.018143   0.039035
    2  -0.145194  -0.216272   0.254231   0.107235
    3   0.008957  -0.133907   0.124791   0.000159
    4  -0.201803   0.028439   0.015277   0.158086
    5   0.144112  -0.013147  -0.078353  -0.052613
    6   0.085892  -0.001457  -0.125649   0.041214
    7   0.042935  -0.090948  -0.010431   0.058444
    8   0.075544  -0.087738   0.011904   0.000289
    9  -0.012837  -0.002708  -0.009436   0.024982
   10  -0.002806  -0.009874  -0.017630   0.030310
   11  -0.035786  -0.014353   0.028675   0.021464
   12   0.033685  -0.022258  -0.004960  -0.006467
   13   0.022120   0.014615  -0.025962  -0.010774
   14  -0.008911   0.013726   0.006933  -0.011748
   15   0.060445  -0.008830  -0.060246   0.008631
   16   0.002193  -0.024570   0.030159  -0.007782
   17   0.028511  -0.043876   0.022001  -0.006637
   18   0.014243  -0.031131  -0.018818   0.035706
   19  -0.061701  -0.021698  -0.008163   0.091561
   20   0.024355  -0.077720   0.034262   0.019103
   21  -0.034476   0.005196   0.049984  -0.020704
   22  -0.013068  -0.151664   0.187794  -0.023063
   23  -0.088394   0.044663   0.037048   0.006683
   24  -0.062884  -0.044089  -0.132445   0.239419
   25   0.239106  -0.035406  -0.160645  -0.043055
   26   0.083502  -0.076487  -0.125310   0.118296
   27   0.199955  -0.167521  -0.081574   0.049139
   28   0.155844   0.042106  -0.074614  -0.123335
   29  -0.007584  -0.160641  -0.113719   0.281944
   30   0.084425  -0.072747   0.022304  -0.033981
   31   0.028757  -0.071632  -0.002215   0.045089
   32  -0.008229  -0.004424   0.032984  -0.020331
   33   0.031238  -0.081628  -0.017067   0.067457
   34   0.088938  -0.119874  -0.052082   0.083019
   35  -0.023069  -0.023436   0.043041   0.003464
