  pos      val_A      val_C      val_G      val_T
   36  -0.042874  -0.024496  -0.047845   0.115215
   37  -0.028906   0.063676  -0.010632  -0.024137
   38  -0.007025  -0.007666   0.045681  -0.030989
   39   0.029336   0.046845   0.049053  -0.125234
   40   0.074470   0.182259  -0.340953   0.084224
   41   0.045576   0.127465   0.009285  -0.182326
   42   0.118294   0.072866  -0.240025   0.048865
   43  -0.283878   0.138820   0.069370   0.075688
   44   0.015342  -0.031112  -0.142861   0.158632
   45   0.273198  -0.268083  -0.108762   0.103648
   46  -0.086001   0.028334  -0.275351   0.333018
   47   0.008221  -0.015635  -0.014908   0.022322
   48  -0.080768   0.098535  -0.105409   0.087643
   49   0.085576  -0.058731   0.075059  -0.101905
   50  -0.040155  -0.040492   0.017734   0.062913
   51  -0.069945   0.002305   0.004460   0.063180
   52   0.042123  -0.115070   0.042902   0.030045
   53  -0.111128   0.031824   0.048766   0.030539
   54  -0.058307   0.022201   0.058575  -0.022469
   55  -0.054204   0.057915   0.012315  -0.016026
   56  -0.008213  -0.075672   0.053857   0.030027
