  pos      val_A      val_C      val_G      val_T
   36  -0.019790  -0.001514  -0.029651   0.050956
   37  -0.060269   0.125312  -0.019580  -0.045463
   38   0.019595   0.019316  -0.013028  -0.025884
   39   0.003703   0.037764   0.071246  -0.112713
   40   0.092032   0.082792  -0.318806   0.143981
   41   0.046753   0.130537  -0.001893  -0.175397
   42   0.068999   0.085090  -0.223838   0.069750
   43  -0.267544   0.114286   0.073060   0.080199
   44   0.011745  -0.045269  -0.149372   0.182896
   45   0.419913  -0.314373  -0.142075   0.036535
   46   0.062553   0.061671  -0.275361   0.151137
   47   0.024058   0.032025  -0.041069  -0.015013
   48  -0.090909   0.091307  -0.086621   0.086223
   49   0.063602  -0.035798   0.071689  -0.099492
   50  -0.056647  -0.042304   0.058454   0.040497
   51  -0.060896  -0.040503   0.040984   0.060415
   52  -0.033148  -0.092211   0.070489   0.054870
   53  -0.109614   0.013357   0.074510   0.021746
   54  -0.043687   0.036552   0.077454  -0.070319
   55  -0.045302   0.030974   0.030300  -0.015972
   56   0.060787  -0.074987  -0.021966   0.036165
