  pos      val_A      val_C      val_G      val_T
   36  -0.035522  -0.000827  -0.070242   0.106591
   37  -0.059718   0.175821  -0.040178  -0.075925
   38   0.004643   0.000221   0.032582  -0.037446
   39   0.018379   0.064027   0.066837  -0.149243
   40   0.197054  -0.006494  -0.372673   0.182113
   41   0.097268   0.106695  -0.014982  -0.188982
   42   0.157372   0.075519  -0.274605   0.041715
   43  -0.257088   0.075267   0.072658   0.109163
   44   0.014701  -0.055527  -0.150833   0.191659
   45   0.228115  -0.258307  -0.074697   0.104890
   46   0.067306   0.073387  -0.248347   0.107654
   47   0.047285  -0.045745  -0.014643   0.013104
   48  -0.089124   0.075823  -0.087924   0.101224
   49   0.102992  -0.045075   0.057718  -0.115635
   50  -0.025579  -0.046733   0.018259   0.054053
   51  -0.068971  -0.040110   0.034074   0.075006
   52   0.016691  -0.109725   0.054161   0.038873
   53  -0.140395   0.032985   0.072120   0.035289
   54  -0.059786   0.035333   0.071135  -0.046682
   55  -0.066962   0.070371   0.011581  -0.014990
   56   0.047976  -0.074705  -0.019471   0.046200
