  pos      val_A      val_C      val_G      val_T
   36  -0.027639  -0.009937  -0.062238   0.099814
   37  -0.027969   0.078025  -0.021764  -0.028292
   38  -0.025781  -0.002831   0.052737  -0.024125
   39   0.008443   0.106614   0.026335  -0.141392
   40   0.098894   0.120514  -0.321010   0.101602
   41   0.051107   0.175250  -0.045774  -0.180583
   42   0.058727   0.121233  -0.231752   0.051791
   43  -0.285459   0.186430   0.022944   0.076085
   44   0.058958  -0.013057  -0.169006   0.123105
   45   0.230565  -0.265075  -0.084015   0.118526
   46   0.059343   0.065610  -0.318081   0.193129
   47   0.039111  -0.041124  -0.036772   0.038785
   48  -0.095915   0.065709  -0.098487   0.128693
   49   0.113585  -0.048862   0.075716  -0.140439
   50  -0.042588  -0.070254   0.040299   0.072543
   51  -0.084307  -0.037438   0.056059   0.065686
   52  -0.022131  -0.122556   0.096281   0.048406
   53  -0.129733   0.020810   0.082435   0.026487
   54  -0.061716   0.031550   0.065005  -0.034839
   55  -0.079487   0.057773   0.040840  -0.019127
   56   0.012652  -0.079251   0.009149   0.057450
