pos        val_AA     val_AC     val_AG     val_AT     val_CA     val_CC     val_CG     val_CT     val_GA     val_GC     val_GG     val_GT     val_TA     val_TC     val_TG     val_TT   
36.370000   0.000000   8.983231   6.702976  -0.228260  -0.952662  -0.622234  -4.021638  20.405016  -7.062958   1.443140   5.536423  16.093218   5.793056  -3.512668   5.327958  10.998049
36.380000   1.985347  -1.248121   1.284295   0.000000   0.011075   1.054682  -5.403584   3.471557  10.930102   3.657215  -1.094027 -10.469605  -4.432946   0.829694   5.366784   1.981085
36.390000   8.433948 -15.683439  15.050782   0.000000   0.710964  -1.263615  -2.594933 -14.120283   0.173995 -29.660597  -5.589120  -8.500268   0.572068   1.684736  12.955251   3.721981
36.400000  14.268531   6.751883   0.000000  31.829587   2.492196  16.593064  17.526861   1.986055  -2.010509  16.314425   6.384896  -0.854794   8.813088   7.942260  11.097062   8.209846
36.410000   4.333943  12.556448  15.183309   0.000000 -16.294498   5.123268  13.199361   4.901612  12.616107  -4.661744   8.659177   8.111778  -7.322372  25.286176  15.642464  13.776567
36.420000 -12.429074   2.228562   0.000000   3.599993 -30.389038  -9.708905  23.674526  14.439945  -1.640700  15.197147   4.271013   3.634771   2.374778  17.635643   2.342529   3.065035
36.430000   0.000000   5.559968  -1.319619   6.148824   6.727346  10.537257   6.214287   7.062480   6.392059  17.526790   0.674736   9.553607   8.929241   0.233207   7.233190   6.441144
36.440000  -0.705070  -4.413350   0.000000  -6.934881   6.729929  -1.654475   2.641043  -5.578071  -6.696475  -4.763808   6.935827  -0.117727 -11.487745  -7.256605  10.942344  -5.558491
36.450000  19.071485   0.000000  11.314962   6.796401   3.656066   1.886837   2.916314   7.906672   4.547737   2.913395   2.209516   8.796032  15.489414   2.545727   9.848052   6.471089
36.460000  14.799025  -8.009429   0.000000  13.355000   5.923934   4.938703   4.724884   8.369665   3.945185  -7.648613   4.775778   0.386543   9.095975   5.682385  -1.174068  -3.935996
36.470000   6.522763  15.749510   0.000000   9.856079   2.593385   1.841008   8.600720 -10.190399   3.360489   3.006937  13.921983   6.258524  17.107607   9.989822  11.464976   7.835026
36.480000   0.000000   4.145048   2.921587   4.649780   1.659729  14.993108   4.806179  -7.265438  -2.982253   7.811850   7.399579  11.669060   4.381959   4.610012   6.926822  13.014972
36.490000  -0.973745 -11.465110  -7.421498   0.000000  -6.497467 -11.804184 -10.515632  -9.957671   3.123963  -9.778067  -6.098758  -7.326642  -0.235964  -4.131377  -6.027130  -7.414209
36.500000   0.000000  -4.898313   2.709730   6.157576 -11.836666   3.663681   7.153910  10.897259 -17.155195  13.454525   1.714928  -7.150114   3.064303  -4.485443   0.696361  22.355638
36.510000   0.000000   6.445791  -6.159182  18.135780   7.043004  -4.804749  13.911758 -16.502036   0.702743  -1.110500  -6.641048  -1.154022  -1.322606 -15.016779  -1.828537  -1.560708
36.520000  -4.314486   0.000000  -1.788131  -6.420769  -2.680356  12.555547   5.460967  -5.066316  -2.788536   3.833799  -1.340683  -2.432268   2.412884   1.274922   8.349086   5.428994
36.530000   0.000000   0.380798  -0.038955  12.983260 -16.247498   2.230177   7.377989  -1.499428  14.165899  -5.054655  -2.168288  -0.260177  -2.656519  -1.442990  -9.040171   5.024804
36.540000   0.000000   2.315333  -5.503283  -5.821969  -1.602726  -9.791713   1.704934  -4.265766  -4.530757  -0.265710  -5.505211  -3.730650  -8.230840  19.703192 -10.292357  -8.776778
36.550000  -5.806087 -13.663405  -0.263364   0.000000  -1.393257  -5.040288  -7.033953  -3.305034  -2.773935 -11.930990  -8.885128 -14.502586  -6.876971  -9.081049 -10.800744   3.105347
36.560000  -6.636060  -4.829502  12.466361   0.000000  -8.934931  -3.544451   1.384280  -8.468079  -4.994168  -7.851707  -2.907224  -2.199749   3.116853  -5.545738   4.197159  -1.601777
37.380000  -2.865203  -1.314921  14.838217   0.000000   3.561844  -7.478465   1.939980   4.387102   0.640951   5.242816   3.806416 -13.801494  -7.326423  17.412712  -9.275089   6.711460
37.390000  18.829574  28.039978  23.483367   0.000000  22.931880  16.873155  20.758992  23.034507  23.914429   9.165190  18.860847  31.989870   2.920217  14.864488   5.598934   4.404809
37.400000   1.542822  -1.197094   0.000000  -3.799789  -1.458845  -1.335440 -13.527540   2.128720   0.642933   3.108321  -1.293576  -2.815616  -7.922506  -8.251990 -17.930342   4.117403
37.410000  -0.625074   1.881582  -3.817257   0.000000  19.046302  -0.113643  -4.725228  16.762125  -8.216633   9.180680   3.622880  -9.624807   2.594627   6.507286  12.456933  -6.640801
37.420000   8.709070   3.890269   0.000000  13.811554   3.413562   3.682058   4.473330   3.799147  -2.328168  22.361200  -0.183622  11.069181   7.687551  -0.119917  14.692289   1.912934
37.430000   0.000000   2.776472   4.553196  17.235119   1.554335  13.356994  -0.059043  14.034107  -3.527025  -0.122842  -2.516367   2.324522   3.142316   9.301296   6.255958   4.955454
37.440000  15.344456  25.997171   0.000000  28.783294  16.004305  18.161222  -0.476338  16.908324   8.770145  14.968349  23.704179  11.068810  20.219294  17.148258  15.626446  27.243616
37.450000   7.568133   0.000000  -5.663293  23.558688   5.172417  -5.397158  -6.824603  14.177420   0.428549   1.730697   6.915023  -1.943489  -1.723829   2.363803  -4.895636  17.919042
37.460000  -1.935814  -7.942273   0.000000  21.140431   7.064434   1.876231  -0.517986  15.852749  15.540380  -1.118262  -8.414634   7.516641  -2.759852  -0.093375  -0.622695   0.520903
37.470000 -18.964733 -16.410136   0.000000 -25.902421 -15.396894 -14.617636  13.760143 -14.153777  -7.652307 -12.772717 -14.831855 -20.031429 -13.694646 -32.451904   5.652130 -23.765066
37.480000   0.000000  -3.142770  -0.396175  -0.196168  13.226202  -1.204027  -0.719036   7.224581  -1.589120  17.293805  -6.689794  -7.487380 -21.880840 -13.471441   0.186095   8.437625
37.490000  -0.495862 -10.869061  -3.615668   0.000000 -10.888909  -7.742677  -0.635702  -6.913212  -2.194398  -7.396878  -2.379912  -2.156907  14.391145  -3.591198   1.180316  -3.251039
37.500000   0.000000  -1.735686  -2.214553  -3.438690 -16.860974 -13.453422  -3.092061  -5.446274   4.759721   5.147652 -14.341760   2.952294   2.249855  -4.777596  -4.615506  -4.550218
37.510000   0.000000  -1.229477 -11.109990   1.836879  -2.345994  13.255394   4.556323   0.475169   0.583808 -16.614015   5.763083  -9.076475   0.529107   0.458230  -4.405420  -0.147774
37.520000  14.472046   0.000000   0.515205   2.309873   1.516501  -3.700630   0.736803   5.226761   3.277903   1.166159   2.093347  -0.554587   6.336877   2.266404  -0.043299  27.017389
37.530000   0.000000   0.084921  -8.302008  -2.088594  -2.576954   1.650711  15.138318   4.729397   0.139451  -0.746046 -10.380078  10.105607  -0.265875   0.897972  -2.102860   2.427396
37.540000   0.000000  11.958317   4.957574  -8.407343   8.448954   9.239837  13.492561  -4.834111   4.410993  12.093049   2.101789   5.958572   7.555306   5.591158   3.358039  20.369857
37.550000   2.034841  30.224754  -8.306917   0.000000  12.657149   2.967866   3.559819  23.235142   8.063152  -9.697991   5.196360   1.307538  13.151961  -3.302017  10.825573  11.558105
37.560000  -8.965869 -10.652095  -8.953798   0.000000 -11.081426  -5.685786 -14.675768 -12.695827 -14.197928 -13.113951  -9.449011 -13.773350 -23.883048 -10.159377  -0.159838 -14.290495
38.390000  -1.451420   8.108654  -2.779651   6.283956   4.303560  19.815427   8.203927   4.685255  -2.147111  24.991335  10.834384   0.296465  15.279277  14.872137   0.932166   0.000000
38.400000  -7.452613   3.844319  -3.554673  -1.286325  -8.325699  15.771669   0.603497   8.524043  -1.021426 -10.340357   4.403109   1.048528  10.329005  -1.659841   0.000000   7.797334
38.410000  -1.275135   2.812959  -1.051140   9.835227  -1.641029 -25.948714   2.656882  12.551195  -2.721803  11.208484   5.488972   0.315942   0.808476  23.304005  -1.022017   0.000000
38.420000  -2.925922  -5.943431   3.660531   0.496105   5.406409   4.618844   0.470288   1.284126   6.073652   0.400851   5.115308 -12.275881  -0.058871   7.605413   0.000000   8.327938
38.430000  -5.876912 -11.438874   9.852800 -18.364968  -4.354091  -4.001549  -4.133663  -5.679481   4.872963 -14.129734  -6.730157  -4.688547   0.000000  19.800163 -11.799056 -13.186565
38.440000  10.615334   3.370839   3.956611 -10.735293  -3.528895  -7.802095  -1.754625  -0.380998  -3.341955   0.668279   7.090400  -8.886971   0.779850 -12.985671   0.000000   0.287047
38.450000   5.439533  -1.505997   3.424787   4.825423   3.053876   1.941428   4.791226   0.745888   8.082410   2.781648   1.149604   2.541837   8.523250   0.000000   3.085402   1.947202
38.460000   6.577004 -11.645658   4.266738   0.538845   1.021064   2.193391  -3.069733  -0.971655  -6.019056  -3.889810  -0.109489  -1.301606  -4.559519   4.693938   0.000000   2.733292
38.470000   5.417214   5.345583   5.453618   7.381520   2.903308   7.207265   6.102755   9.216594  -3.551539  11.348233   6.882825  14.904394  -0.306072  14.229307   0.000000   7.704867
38.480000   0.908334   2.355236   7.571047  -9.598746  -1.822912  -6.126850  -4.611760   6.769243  13.702390   1.873373   2.632910   7.320529   0.000000  13.747001  -1.856134   6.346801
38.490000  -2.974901   3.581164  -3.221881  -5.830797  -0.165709  -4.858888  17.738974   2.727216   0.009241  -8.017745  -4.063363   0.261161   5.190996 -16.501009  -4.494939   0.000000
38.500000  -8.050853  -6.876692  -9.654812  -9.558196 -10.844435  -1.928039  -4.375910 -10.439265 -13.129823   2.084420 -21.333126   9.780624   0.000000 -26.775135  -6.959774 -10.689345
38.510000   5.453672  -1.341802   5.021399  -1.878151  11.291451  21.915277   8.357599   7.301946  15.113368  14.449084   3.301088  11.495690   0.000000   7.126786   7.206433   7.069439
38.520000  -8.592302  15.035453  19.604323   0.745726   5.330234  21.208630   2.020726   9.794677   3.431233  -6.840432  -0.426001   2.279797  -2.695378   0.000000   2.941932   0.837883
38.530000   0.470420  -1.134723  11.179459  -9.892112   2.238024   5.735545  -3.540788  -1.044584  -5.056569  -5.067691  -6.952412  -4.291913   0.000000  -4.035958  -6.616871  -8.757620
38.540000   7.121527  -1.193866  -5.285161  -1.241933  -1.529763   9.320928   0.301028 -10.467785  -4.728884  -1.221858   5.522206   3.989183   0.000000   3.384424  -4.215357   2.375996
38.550000 -28.116760 -19.767114 -25.090202 -37.591942  -6.407476 -12.086277  -8.997769 -14.636192 -10.688572 -20.673291 -22.558356 -14.282799 -15.646654 -21.982426 -21.643145   0.000000
38.560000   4.639776  -0.559978   6.114476  -0.923020  -0.898014  -3.928914  -8.065096  -5.904086  12.571954  12.775467  10.173258   6.864361  -0.688174  16.319726   3.037603   0.000000
39.400000 -10.233981   9.461286   3.894471  -4.051515  -1.044095 -17.827855  22.118823 -18.640018  -0.754376  -1.236856   4.319538   1.244832   1.712320   0.979503   0.000000  -0.096230
39.410000  25.319080  11.361490   3.845315  15.382546  10.769409  39.086095   7.776906  14.720557  15.875893   4.223708  15.783032  19.755752  30.450485  15.442402   0.113643   0.000000
39.420000  -0.099703   0.169253   1.168628   0.969117   1.063328 -12.639950   1.129576  10.429627  10.057970   0.912111   0.619332  -5.488336   6.050548   0.916094   0.000000   0.960811
39.430000  20.516316  21.652720  14.765477  27.187495  23.456174  12.237584  44.564414  22.628065  25.298441  26.789270  29.501219  23.802818   0.000000  25.354597  23.074728  26.168865
39.440000  -0.620097  -0.293562   0.848779   2.941058  14.852214   6.564589  -6.455748  16.316090  -4.609625   1.766548   2.535229  -5.393101 -19.811169   4.548772   0.000000  -3.642649
39.450000  -6.409452   3.772516  10.145477   9.524305  12.368144   7.567679  14.503771  11.082537   8.031474  10.936518   4.920787   8.595241  15.298454   0.000000   6.102272  18.954535
39.460000   2.096445   1.827781   1.650792   3.708615   6.704970   5.371080  -0.273738   6.580369  10.494083  19.692555   6.523308   0.551463   4.178972  -0.236508   0.000000  20.568725
39.470000  10.079935  29.459280   6.612247  -1.766567  -4.165805   7.838067  10.536644  17.479579   8.759896  10.284353   8.518459  13.297372  10.128749   9.563990   0.000000   9.764529
39.480000 -13.046371 -17.729650 -14.750824  -3.557095 -14.409946 -29.973553 -13.533819 -16.335373 -16.804762   1.863128   6.944478 -16.205525   0.000000  -4.981927 -16.225182  -5.330775
39.490000   5.278274   1.552541  18.614694   6.494584 -21.924881   7.710795  -6.664798   6.392228   6.796276   3.810198   8.281204  -0.505615   5.382166  10.608834  15.598749   0.000000
39.500000   3.689158   0.226299  11.579612  -5.410001   4.336595   1.863836  -1.389060   7.012800  -0.783478  -0.210304  -3.171022 -13.755916   0.000000  -0.691497   4.028590  -4.394179
39.510000  -0.744750  -6.020157  -6.096086  -4.917654 -15.491466  -7.561777  -7.934424  -7.311571  -0.188630  -4.740244  -5.834026   1.950461   0.000000  -9.877621  -2.651267  -6.759792
39.520000  -0.601606   2.309739  -6.940843  18.338728  -6.282430   2.881431  -5.551133  -8.231332  -7.745594  -8.138259  -4.870382 -10.857375  -5.418042   0.000000   7.038215  -9.891431
39.530000   6.469964   3.751233  11.747753   1.251921   8.001339  23.872284  -6.015567   6.745328  -1.894061  11.886849   5.816246  13.210361   0.000000  16.960740  12.166129   5.837294
39.540000  -0.511411 -12.510134  -3.267654  -2.010387   2.529831   2.604374  -8.075330  20.228028   4.639542  -0.778048  -1.672644  -0.606380   0.000000 -12.053024   4.448836  -0.212328
39.550000   5.437831   3.193140   3.528041   8.126577  21.721081   2.939114   2.052421  38.581010  -2.169442   7.952757   3.192539  12.343397   4.266310   1.859878   6.218263   0.000000
39.560000 -32.116922 -13.672333  -5.961733 -24.214037 -16.834496 -18.863976 -17.342218 -15.203431 -23.083594 -17.192191 -21.523013 -14.286761 -16.840613 -27.823961 -12.787611   0.000000
40.410000  10.841297  11.780627   5.001349  -2.276708   5.748657   3.644126   0.467056   5.040322   6.088077   7.868954   3.865808   0.000000   5.252917  23.161120 -17.834512   7.205721
40.420000  19.666916  19.309611  16.926162  16.861614  11.729445  16.138723  34.884933  16.285384  12.206717  28.239244   0.000000  13.772969  15.716654   0.375687  16.512491   2.981699
40.430000  18.423632  20.130680  11.537114   3.959881  24.167491  24.070698  11.047026   0.994466   0.000000  24.040225   7.958861   9.190100  15.859157  -8.815792  -2.705909   4.269982
40.440000   4.832997   4.306201   5.944618  -7.130427   2.849405   7.961336   5.895175   8.576487   8.810408   1.363751   0.000000   8.649799  -5.510770   6.869185  16.158598   0.271389
40.450000  34.654770  33.305938  34.806603  35.721247  31.572833  34.973598  35.947581  32.413383  32.875638   0.000000  17.653289  32.363595  29.047024  35.911522  29.072693  27.198706
40.460000  13.161667  13.043104  21.224663  18.779633  31.651630  24.100234  19.257062   7.151388  22.717232  46.028756   0.000000  17.921545  18.742400  19.292886  17.862230  18.574327
40.470000   0.585134  -0.614663  10.620469   0.394707   5.145081   3.167268   3.506216   2.838176   3.474150   1.976483   0.000000   1.727310   0.554238  -2.994597   1.175157 -14.227278
40.480000   0.486132   3.518775  12.885079   0.635098   3.070404   2.184405  -0.428670  10.076140   0.000000  -0.735757 -13.247506  -1.711279   3.816615   1.721464  -2.770919  14.770049
40.490000   4.896758   7.683901   5.002304  13.459704  16.198185 -10.822457   8.321787  13.646482   1.976215  20.496877   7.120543   0.000000   9.081079   8.988667   0.334000  -3.274278
40.500000  25.065482   6.759613  15.571169  12.995103  15.785123  12.472955  21.187073   8.531984   0.000000  13.112762  19.449803  12.614489   4.826855   6.032071  16.057259  14.165441
40.510000   3.741772   5.097152  13.783853  -1.176900   8.958141   6.494739   1.770897   1.792519   0.000000   1.935574   5.613925 -17.635930  12.580273  14.117025   5.942263   5.957268
40.520000  24.232457  23.952939  13.768404  18.916172  13.314392  27.735355  21.935628  -8.425478   9.845629   0.000000  13.026148  20.394698  17.821770  12.245704  24.166430   7.379557
40.530000   7.133732   8.552194   8.671951  10.488161  10.941852  14.397312   2.060683  13.367076   0.000000  11.593679  14.012686  23.738269  10.556851  10.238197   7.307295   7.333573
40.540000   5.581196  18.764795  14.595937   2.692955   3.746741  -1.356333   4.648806   6.046265   0.000000  13.739470   5.461938  -3.010596  21.876068  -6.010913   9.272806  15.232155
40.550000  12.953614  13.235791   1.585849  12.851755  12.390224   2.019954  18.861911   8.420092  20.417940  17.429687  12.234197   0.000000  11.622468  16.467834  11.017575  12.828967
40.560000   6.330057  -7.209372 -21.158459  -4.010529   4.248980 -11.256236  22.143811   6.115793   1.030157  -5.721807  -1.939976   0.000000   0.996028 -11.063527  -7.087150  -1.875816
41.420000  25.771985  17.665052   8.347294  12.913124   9.457185  10.625074  19.449427   7.417136   8.265790  11.154349   8.186347   9.585428  23.433524  20.725847   0.000000   9.633357
41.430000  21.237255  11.903143   9.433334  16.393350  11.966023  -4.022537   5.541039  17.142019  12.613588  12.463055  11.021915   7.275849   0.000000   9.722016  15.875511   5.986153
41.440000   0.484807  -9.506497 -12.716000 -20.669077  -5.814441  -4.499189  -7.079712 -22.924640  -8.848217 -15.536989 -17.253668  -9.956568  -4.677006 -16.028924   0.000000  -7.370208
41.450000   7.287840   8.507564  20.402314   4.222217   7.033095   4.708066   8.397349   4.868709   7.115198   6.643182   9.041480  -2.844605   8.792062   0.000000   5.355347   6.184866
41.460000  10.850742   5.837100   2.508770  -0.543310  11.087575  14.590736   6.187742  -0.547007  10.283874   7.401831  -2.777975  15.424585   7.427572  10.825983   0.000000  17.638443
41.470000   5.906927   1.385212   0.343108   0.086809   0.691325  -3.450626   8.001122  -9.058589   3.489502  -2.615599  -0.806863  -9.279463   8.440489  -3.961208   0.000000  -2.339653
41.480000   6.469354  -8.564954   5.839958  10.349095   2.941730   7.518979 -10.335627  17.431692  -2.424309   3.573627   7.509354   5.472013   0.000000   0.909833  -1.874950   5.406579
41.490000  36.421104  12.171782  17.400385   5.290752  25.878097  14.105226  16.665431  12.729118  10.392181  27.168953  27.588674  27.371468  14.048592  14.657101  14.930158   0.000000
41.500000  -6.228944 -15.017715  -3.692622  -3.842512  -6.912648  -6.626329 -10.475592  -4.120836  -6.647599 -23.396844  -2.982570  -4.228760   0.000000  -4.154721  -4.059285  -3.565057
41.510000   0.332353  -0.366236   3.140461  45.169284  -3.659156  21.927836  -1.334623  -9.066676   5.888947  -4.166636   5.512770   2.160414   0.000000  16.883691   6.424151   9.520661
41.520000  15.420153  17.033892  25.634694  25.329584  14.951861   9.774386   9.215166  16.696008  21.727973  15.413551  13.383191  17.675265   8.405936   0.000000  30.224733  17.289587
41.530000  -7.732915 -13.614356  -5.937044 -17.912748   3.813334   3.051098  -4.455667  10.240529  -9.299826  -4.518048  -0.883689 -18.879279   0.000000  12.742367  19.724308  -1.450740
41.540000  21.626255  17.530352  13.041538  15.881627  24.482795  11.909628  11.363486   6.015792   3.021854  17.017575  19.398952  10.062619   0.000000   3.662199  15.534476  12.033153
41.550000  -8.734851 -10.845712  -0.165262   3.905039  -5.858696  -6.562291  -2.328051   3.330092 -12.458331  12.763656  -5.300138  -4.115399  -6.995852  -4.645159  -6.760840   0.000000
41.560000  17.415226   9.374540  11.262982  20.207871  16.820658   6.468427  26.848042  28.187076  19.461743  20.250450  17.508099  22.748056  36.081024  22.968760  11.303209   0.000000
42.430000  11.977582   5.538260   7.045715   2.019082   6.340703   9.054568   6.436945   3.078607   0.000000  19.040703  10.265623  13.656652 -14.816056   2.611933   2.277535   3.654179
42.440000  -6.000546   5.779662  -2.520612   0.143718  -1.929288  -2.937091   2.286444   0.720228  -6.171383  -1.000048   0.000000  13.639732  -3.701161  -0.752274  16.308064  -4.266443
42.450000  12.234938  12.655957  14.103914  13.815420   5.843065  15.179835  12.640553  13.853699  10.330371   0.000000  14.912410  12.840895   2.752916  13.602608   1.573978   9.852505
42.460000  22.243200  17.995593  22.825555  36.531055  12.878953   7.426267  28.531819  17.232150  26.366726  13.804338   0.000000  18.464026  17.876207  17.010940  17.102746  16.370381
42.470000   8.906193  11.928042  31.309727  10.155927  -3.394549   5.115671   3.670989   5.312489   8.629366   4.849001   0.000000   8.537961  22.718932  12.949634   2.089296  10.583780
42.480000  -4.172439   0.671733   7.438355   7.646510   0.933100   0.456781   9.921106  13.027683   0.000000  -3.971202   0.847759   0.951441  -0.905062  -7.328720 -10.346884   2.597716
42.490000   8.441252   2.469968  -2.856589  16.432153   4.617736 -10.269328   4.917918   3.062183  -2.220699  -3.000140 -13.313617   0.000000   1.111063   2.638979   0.232972   0.460026
42.500000  10.683565  24.949195  25.295298  27.115646  10.875900  31.185729  27.261915  32.877172   0.000000  36.709432  26.830642  46.852416  27.761936   9.930740  27.252897  27.710975
42.510000  -3.747231   5.061841  -7.128268  -3.807204  -3.483627  -5.060317  -3.390289  -5.914036   0.000000   0.193249  -5.836630 -20.963776  20.187750  -4.417932   6.204025   3.388664
42.520000  -7.961200  -0.273276  15.455082  -2.798093 -14.330618   0.169786  -3.786584  -7.079169  -2.717873   0.000000  -5.948032  -5.739825  -2.899698  -5.011483  -6.651309  -3.573473
42.530000   1.584930   4.722119  -7.474577   2.183465  -5.103881  16.009096   3.294901 -13.000627   0.000000   4.096418  12.076507   4.553559   0.132897   1.557451  15.059983  -6.267467
42.540000  13.972055  16.900890  22.715337  13.068916  21.021847  11.089075  15.269243  37.300033   0.000000  11.281160  13.273939  15.711409  14.802596  22.657974  19.628235  16.651254
42.550000 -14.121606   6.018769   0.470747   2.300574 -14.542468  -2.253967  -1.481168  19.092037 -29.455490  16.358225   1.643947   0.000000  -7.849591  -4.986258  -1.798002   2.202153
42.560000  -0.295148  -9.222714   1.804507  20.820919  -1.605290  -0.327374 -13.772811   9.728693  -1.706456  -1.665767 -10.063297   0.000000  -6.290720  13.445120  -6.359485  20.110332
43.440000  23.916272  25.383771   0.000000  25.267839  24.218777  26.599707  24.863843  20.003241  20.223395  24.859397  28.640012  18.539807  29.875114  37.200002  22.274669  25.870999
43.450000   2.271722   0.000000   5.161240   8.942797  -4.328878  19.273375   3.289597  -4.250083   0.177738  -3.992829   2.932626  -7.387376   6.914508   1.458901  -0.067728   1.168850
43.460000  25.382611  25.345932   0.000000  54.964505  31.335124  35.468010  30.725932  33.961578  47.352717  28.691197  40.660009  32.196791  32.705125  19.117628  34.335431  41.346126
43.470000  -0.112837   4.258270   0.000000   5.008918  13.533527  26.985647   5.619307   8.877299  12.677252   9.406936   9.130446  -1.511778   1.976525   4.870138  15.758286   3.911019
43.480000   0.000000  -6.586484   0.349794   1.476161   0.471784   3.151499   1.542783 -12.356776   5.506299   6.736664  -1.993376  16.022744  -7.188284  17.591926   0.030762  -6.724687
43.490000  34.945357  14.935794  29.732764   0.000000  24.418356  24.745134  34.828977  48.470680  -0.607019  41.055915  33.974642  40.039411  24.602922  35.122374  27.184213  19.746919
43.500000   0.000000  -2.550671  -1.684945   5.753513 -10.967709   0.675878  -3.627201   9.200037   4.339342  -2.649408   0.183303   3.995267   3.839943   1.900450  -4.043913  -1.524535
43.510000   0.000000  -1.099030  11.983046   7.050571   5.878451   5.576348   3.313379  17.658049   5.525477   7.228672   6.656937   7.170558   4.588031  33.361674   3.279094   0.394586
43.520000  -2.642308   0.000000  -1.017508  -5.037895  -6.371015   2.800194   0.378492  -5.408952  -0.081148  -4.226675  -2.505837   1.242892  -2.020406  -1.155113  -3.362692  14.577496
43.530000   0.000000  -1.332449   5.888330  -0.151834  -3.145744  -8.465034   4.715461   6.024506  -0.042967   7.211981  -0.661453   4.945340  -1.755373   1.602429 -14.901008   3.343398
43.540000   0.000000   9.709265  11.016900   8.945328  -3.667329  19.018604   2.381168   1.547650   3.773126  34.137619   8.626732   2.666982  10.318831   3.998344   5.997747  32.086928
43.550000   5.164167  -1.841723   3.237731   0.000000   2.486062   6.209898  -3.710863   1.907988  -1.463745  -5.431580   1.028558   2.034901   5.203405   0.109691   3.667142  -2.092546
43.560000  16.636110  -1.334852  17.692550   0.000000  17.080718  31.932532  15.731803  17.399893  15.039656  17.732674  20.678404   7.572105  -1.150361  29.698133  14.396791  20.293453
44.450000  12.357744  25.259430  10.642799   9.556886   3.783665   8.601891  14.909854  10.320208  23.245796   0.000000   5.395116  23.898498  17.497415  -0.283260 -14.139006  -0.345011
44.460000   5.006549  -8.559254  -3.916330  -2.039084 -14.582581 -14.992170   7.149564  22.931271   6.967897  -0.663362   0.000000  -1.069953   0.118694  -2.743091   6.210444  11.540900
44.470000  11.133413  13.433010   5.056789  -3.468163  -4.485790   3.817979   7.676939  -1.829900  25.995596  -3.639191   0.000000   6.032576  -8.578657  27.431431   7.345292   5.138867
44.480000  13.980955  24.500701   9.012803  11.385972  19.860201  -7.060583  17.290741   7.288600   0.000000  12.971396   9.193931  14.505841   9.628316   7.763848   8.733159  15.409182
44.490000   8.188705  18.986605   8.326817  18.460856  11.906170   3.531180   8.387142   8.985632  -2.914204   4.856273   5.298996   0.000000  31.975985   9.622695  14.844488  13.987525
44.500000   0.421878  12.847746   0.555247  -2.138369   4.408887 -17.826558  11.886762 -25.772051   0.000000   1.355799  -4.004773   3.246713  -1.843026  15.284605   3.158254  19.199394
44.510000  11.580746  10.709431   2.190235   2.358616   1.119175   4.058348  -0.440132  -3.729585   0.000000  -0.193325   3.056341   6.461258  22.817214   2.021242 -10.438139   7.646483
44.520000  44.503709  -0.091562  10.652221   7.449307  19.999253  14.981964   8.325099   9.976610  11.465375   0.000000   7.872289  15.318237   7.134729   8.513270  16.829103  10.675058
44.530000   9.880822   7.451640  -3.909798   6.019434  -3.727896   0.527241   1.170837  -1.390598   0.000000   3.819733  -5.439515  -1.297519   1.445712  -3.717553   0.345324   2.809298
44.540000  21.362902  13.888869  21.282813   4.429201  20.234234  19.519814  15.324320   1.885202   0.000000  13.204615  22.093332  14.140712  27.427152  16.241428  17.926769  21.196590
44.550000  -8.466655   7.795319   8.771285  12.234086   3.662234   8.663359   5.209722   1.971968  17.143199  -2.525110   4.151567   0.000000   7.752638   0.516936   7.505274   7.959068
44.560000 -24.142504 -15.387863 -20.053026  -9.822289 -28.120682 -19.656953 -25.076155 -21.179454 -29.756513 -24.319588 -33.055698   0.000000 -20.653692 -21.273845 -19.877668   1.788126
45.460000   1.878670  18.113008   6.527549   3.605864   5.396067  19.193368   0.000000   2.366318   1.009784  -1.849612   3.706086  11.485400   2.618430  -8.160840   3.200676   2.248575
45.470000  24.639133   8.302622   5.095809   6.285455   6.054657   2.980400   0.000000   3.215104   9.197683   6.077149   7.496580   8.843272  -1.059593  10.806104   3.535525   5.497758
45.480000  16.029342  -2.577327   6.243066   8.548535   0.000000   6.446461 -11.231578   9.131338   4.166550   6.166475   4.256417  -2.501088  11.056298  -3.907963  12.877418   6.690753
45.490000   0.839024 -12.831326  -8.899095  15.505803   4.560937   5.295802 -10.179672   0.000000   9.534273   0.078513  -7.590584   4.596900 -18.461065  -2.730333  -3.119900  -2.636623
45.500000  16.384657 -17.315883   8.938270  -3.181285   0.000000   9.613128   5.553810  13.985698   3.336230  19.453607 -12.411447   2.421397   3.679809  -1.861725  -7.138618   9.709608
45.510000  16.292609   0.805981  -1.670034   1.490882   0.000000 -14.173042  20.630975  -1.831505  -5.410678  -4.376677  -8.360501   4.571860   6.085194 -31.046300  14.235232 -13.563117
45.520000   9.253636  13.435450  12.619924   8.746092   8.025107   0.000000  13.803400  13.851986   4.647017  14.690795   6.889740  23.664597  -0.564499   9.168137   6.586331   4.554288
45.530000   9.244583   0.109708   3.571205   3.345263   0.000000   4.323697   1.656357   5.543964   1.656923   4.514351   9.210948  -0.831362  19.012753   2.579797   1.400952 -19.919898
45.540000  13.798453   1.782779  10.764023  -1.939048   0.000000   4.305811   2.450925 -11.426806  -0.486591  -2.194121  -0.693028  -0.219961   0.667310  -2.587791   2.554979  -3.155404
45.550000  11.636703  10.611908   8.572370  13.525119  19.323721   6.858751   8.606206   0.000000   0.002723   4.847012  13.101850   6.106104   9.207289  22.563067   9.427887  11.532718
45.560000  -3.359657   7.773728  15.828239   0.171164  -1.131941  -0.314379   0.786139   0.000000  23.831019   1.086163  -0.624121  -0.615926 -14.332927   3.479425  -0.377295   5.583431
46.470000   8.196355   8.185561   9.863133  16.249788  21.270474   1.972536  10.168017   8.793798  10.662227  11.022051   0.000000  31.336585   4.234202  -7.264996  23.767980   0.475617
46.480000  20.576754  37.347987  21.666092  15.815832  24.910416  24.927415  26.995260  18.956737   0.000000  42.706027  32.478107  50.169984  22.655056  33.237082  29.731012  28.753560
46.490000  -4.440949  -6.971428  11.189902  -3.321875  -0.074658 -10.448342  -3.503672  10.115870  11.537322  -3.447640   3.651246   0.000000  -1.485508 -15.944688 -15.027541 -13.086884
46.500000  -1.054313  15.791249 -15.707284   2.039561   4.055947   6.560984   4.007999   2.637026   0.000000   3.485811  -1.736803   6.281170   5.087826  27.560238  -6.102984   3.327530
46.510000 -18.453080 -11.196632  -9.051855  -8.616258  -3.083704  -4.522763 -10.691604  -8.842398   0.000000  -7.283595  -1.464743  -2.212197 -21.541256 -14.501828  -6.434793  -4.374276
46.520000  -0.186981  23.628217  -8.681474   1.854087  -2.050338   3.490873   6.720127  -2.693265   3.901660   0.000000   2.459957  -1.668052   4.540389  13.992838   1.042389  -0.135000
46.530000  27.541929  17.411406   4.859988  21.760938   3.300375  20.025516  14.176215  15.542265   0.000000   0.630893  21.099507  19.570261  15.520136  10.400321  16.437986  22.439375
46.540000   1.259977  12.974392   8.181782   9.743507  17.472637  15.312876   8.353063  30.115868   0.000000  11.655779   3.234882  11.564632  11.247961  16.159393  17.869808  18.468437
46.550000   9.439841   9.005889  -7.184275   3.306410   8.151137   3.909261   4.981863  15.461759   5.525216  15.837414   5.030974   0.000000 -26.173452   4.708428   6.917809  19.009956
46.560000  12.332272   7.335982  31.828401  15.648130  28.686354  19.918127  21.275597  17.221892   7.820809  16.281699  17.082164   0.000000   7.106509   8.331453  38.949454  18.819033
47.480000   8.709427   0.040101   6.725573   8.840003   1.304640   9.754869  -0.587142   6.764062   0.000000  19.859994   2.999265  16.690619   8.894150  24.600910   8.173639   8.032299
47.490000   0.676951 -10.041986  -2.626740  12.487838  -2.038088  -0.771211 -16.206613 -22.448438   0.373727 -11.164317   8.149499   0.000000  -8.883007 -10.221230  -6.672984  -7.449677
47.500000  -2.558587  -4.807337  -6.663383  -0.682451 -15.472031  -5.606351   6.482236 -11.639891   0.000000  -1.128461  -4.163595  -5.340969   2.675141  -8.465195 -13.579831  -1.365131
47.510000   4.491655  -3.961823  17.419321  13.512427   1.910618   2.449423   9.517825   2.037265   0.000000   9.413938  -3.324154  24.763706   8.702248   3.943078  10.578148  -1.140516
47.520000 -13.245067 -17.978895  -2.376523  -0.326822  -3.519815  -5.463431  -1.606506 -12.593622 -15.598034   0.000000 -40.754171 -13.406247  -6.826333 -22.908772  -1.383188  -9.870788
47.530000 -18.392779  -0.616848 -20.381302  -2.460203   0.363402  -3.097631  -1.528201   2.385294   0.000000  12.399605   3.926126   0.405902 -32.829855  -0.145646   0.158382  -2.242645
47.540000 -10.966939 -10.613352 -19.617357 -11.805622 -10.659015 -10.863743  -9.630296 -12.918157   0.000000 -13.413574  -0.651840 -11.735402  10.855016 -22.461073  -9.881574  -9.539297
47.550000   3.795915   1.712201   4.981352   5.260449   2.557523   1.876921   8.408163   5.113278   4.342544   2.124776  11.384483   0.000000   4.507576   7.618783   4.849116   7.410937
47.560000 -18.165330  -9.448987  -2.857003   7.315268   1.727797   8.662491   5.103546  -7.107333   1.517381  -1.000861   2.117162   0.000000  -3.119030   6.050133  -8.355191  -3.035883
48.490000  11.599319   4.197630  15.490229   0.000000  -4.995740  10.327467  -2.258749  -0.004578  12.154747  11.649172  12.163000  12.189259  23.367993  14.601546  10.742797  13.543052
48.500000   0.000000 -13.235242   8.065625  21.884652   4.112230  -3.591895   2.822988  19.539415  -7.243856  16.965046   2.771142  -0.138553   1.285543  -3.643768   1.148239 -10.423470
48.510000   0.000000  11.496158   6.252451  -0.469636   8.707200  12.806793   4.506305  10.450231   2.767528  13.631684   7.004513  12.799573   6.355780   6.012656   5.136038   2.106531
48.520000  27.270646   0.000000  11.803885  15.196994  24.104650   9.472373  14.925660  17.378987  15.971419   5.254472   8.741899  14.166791  14.528197   8.203515   4.740785   8.117690
48.530000   0.000000   4.510301   6.078638 -10.640853   7.600048   3.749745   3.467934   1.322940   6.056563  15.098021  11.805244  13.679881   5.627050 -12.160160  12.091155   9.307418
48.540000   0.000000 -14.793292  -1.980010 -18.527435 -10.386960  -2.525339  -2.667424   0.838601   1.345039 -11.758185 -27.801772 -12.281417 -12.519460 -10.527613  -8.693614  -1.107078
48.550000 -30.933550 -11.419501  -9.807302   0.000000  -7.535075   0.603878 -20.383147 -11.339390  -9.783436  -2.856176  -3.766182 -18.508533 -12.003661  -6.477082 -11.080280  -5.229857
48.560000  -9.781724  -8.245434 -11.021298   0.000000  -6.528854  -0.729588 -18.032488 -20.071265 -13.709110 -10.583128 -19.263371  -9.789743  -6.561205  -9.553675 -11.966092 -13.563508
49.500000  25.233031  12.400535  13.787474  14.751327  14.665873  16.844449  11.243307   9.423110  17.911088  19.356909  -1.914596  -0.864385   0.000000  11.280589  13.184835   9.302948
49.510000   0.109102  -7.913335  -2.361296  13.818523   8.885497 -19.834033  10.733481  -2.760307   2.832586   6.890070  20.363413  -0.802481   0.000000 -14.345642   0.219186   5.264613
49.520000   2.046891  -3.122651  -2.524136  -1.506637   7.624633  -3.220452  -4.914914  -2.437276  -6.693574   4.057934   1.903109  -2.075049  -3.685283   0.000000  -0.792151  -4.693923
49.530000  12.069157  11.584137  10.562372   4.908261  15.862820   3.795049  23.846060  10.343001  14.835746   9.491216  14.718207   5.760768   0.000000   6.742171   7.087091   8.410507
49.540000   4.756857   5.426960  -1.068165   1.320840  -2.746236  -1.892844  -0.390415   0.633828  -7.888970  -0.371702  12.821128  16.893721   0.000000  -1.490526   0.704541   0.803957
49.550000  33.386878   0.993293 -11.950981  -0.790336   4.769440   7.730718  10.025474  -5.202720   7.036688   7.749168  -3.890394  14.236690  14.483569   3.980210   4.542047   0.000000
49.560000  11.290336   7.908094  18.801789  11.179481   4.387742  15.791836   6.778221  -2.189772   1.717636   8.044619  28.222788   1.954378   0.851421  11.399239  13.107833   0.000000
50.510000   0.000000  -8.017177   0.157047  14.726106   2.958568  -2.065504  -0.869037  -2.408726  -4.778460 -25.037703  -5.599496  -1.055256  -3.116732  -0.559792  -4.819907  13.913653
50.520000  -0.394941   0.000000  15.491694  -1.189130  -0.328907  -0.404832   8.358164   8.356417  -0.548276   5.991991   2.275238  -1.958020  -0.375741   0.769494  -7.332114   1.125175
50.530000   0.000000  -5.854224  -1.888495  -1.540801 -10.603420  -1.241808 -21.394180  -6.345431   4.028518  -1.203940  -3.172637  -1.971382 -10.078759  -0.664483   4.960805  -0.763832
50.540000   0.000000  -4.712298 -10.344864 -15.654693   2.628304 -15.920831 -32.271237 -14.303495 -16.903533 -19.225620 -13.618047 -25.582306 -12.329379  -4.458264 -14.631320 -12.134020
50.550000  -1.844745   1.182386 -18.121767   0.000000  13.091752 -28.416496  -7.161083 -25.238470  -6.506637 -16.301171  -2.035116  -2.104436  -0.653628  -9.313333  -9.128889 -13.253714
50.560000  -1.505935 -14.373381   0.222853   0.000000   4.151551  -4.173912  -3.020607   0.683417  -0.746534  -3.632797  -3.300739  -2.070973  -4.070972   1.612473  -2.318368  -0.639701
51.520000   9.107960   0.000000  11.791420   9.347444   9.056973  21.167479  11.000053   4.013081  16.480252  10.631973  10.142109   8.686186  -1.629489  24.881724   9.991484   9.324207
51.530000   0.000000  -4.391805  11.165057   9.575828   5.159074   3.456349   5.741264  11.586600  19.672319  14.248785   5.585419  16.293271   4.794054   5.917496  15.257151   8.225995
51.540000   0.000000  10.141128   2.057780   8.561315   3.392428  -3.698844  -7.094307   2.742040   7.084551  -8.986338   2.855253   2.139979   7.442712  -3.547914   4.021078  13.198495
51.550000  -6.800491   7.554450  26.425345   0.000000  10.897407  19.937926   8.711736  17.246038   4.590889  10.032915  10.708878   5.468994   4.189794  11.806387   7.869528   4.382833
51.560000   8.189481  -6.126413  -2.724671   0.000000  -2.780066 -10.193692  -2.702462  -2.863545   7.344153 -17.159055   1.700747   2.069168  -0.994546   3.582052  -5.437676  -3.278281
52.530000  10.178231  25.069577  20.095673   9.986016   0.000000  19.049969   5.549995  19.084150  17.160563  28.595996  15.202312  31.698019  13.479100  10.978131  13.119893  11.202185
52.540000  10.903373  -2.494915   7.906174  27.291676   0.000000   7.883951   9.058567   8.333926   8.665196   7.744934   6.911992   7.706918   6.071810  31.934446  12.206086  -3.464092
52.550000   1.179653   8.084153   3.138573  -4.404025  -7.429107   4.431562  -4.296050   0.000000 -15.088391  -0.089854 -16.938332   2.271011   1.440731   5.894196   3.204591  18.149125
52.560000  12.190404   4.209060  -2.171332  -2.401774   5.653263   2.388417   9.015607   0.000000  -3.124644 -27.214170   3.714314   4.780745   7.729257   5.945776   6.019797   1.294418
53.540000   0.000000  -0.755403  11.190258  26.845090  12.157117  22.800139  14.087810   9.689869   8.891234  28.559540   6.501358   8.316694  13.735160  14.397811   9.975013  32.536651
53.550000   3.970649  -8.580552   3.405567   0.000000   3.407735   6.219184  -4.014763   0.876316   1.182900   5.022593   5.236923  10.458386   5.777136   7.162719   3.925266   3.223390
53.560000   5.448468 -21.920782 -10.664072   0.000000   5.916541 -14.267694 -13.651449 -11.262219 -15.148676 -16.167845 -24.849775 -14.753667 -13.476431 -15.419951 -21.569153 -12.061321
54.550000  -8.462585  -0.761603  -4.484052   0.000000   2.212697  -4.242559  -7.711937   0.239396   2.121448  -4.554104  -1.889156  -0.588500   2.758823  -4.431028   0.959743   0.123114
54.560000  -5.402297   3.863166  -4.726469   0.000000 -14.819528  -7.200850 -12.406060  -1.214865  -3.749109  -7.858999  11.723103  -7.627617  -2.862132  -6.835645 -34.666240  -5.818074
55.560000   3.454580  -5.907854   3.635695  -7.799976   4.834513   1.211067   8.599967   6.356297  -0.103161   4.698255 -10.422216  13.672530  -2.815302  -1.021635  -1.746834   0.000000