  pos      val_A      val_C      val_G      val_T
    0  -0.053148  -0.054977  -0.014592   0.122717
    1  -0.024030  -0.015015  -0.011653   0.050698
    2  -0.098342  -0.127752   0.176222   0.049872
    3   0.039778  -0.151465   0.251217  -0.139530
    4  -0.093124   0.156068  -0.084378   0.021434
    5   0.060545  -0.009187   0.028004  -0.079362
    6   0.031677  -0.013412  -0.047111   0.028846
    7   0.028870  -0.074819  -0.030526   0.076475
    8   0.025334  -0.008668  -0.026837   0.010171
    9  -0.003135   0.091118  -0.063769  -0.024214
   10  -0.006278   0.062976  -0.017571  -0.039127
   11  -0.001177   0.034947  -0.032598  -0.001171
   12   0.029466  -0.057502   0.058989  -0.030953
   13  -0.016982   0.034862  -0.014944  -0.002936
   14   0.022728  -0.041910  -0.010167   0.029349
   15   0.000613  -0.060322   0.044691   0.015018
   16   0.061658  -0.010939  -0.011273  -0.039446
   17  -0.021097  -0.023079   0.092456  -0.048279
   18   0.003838   0.032586  -0.027954  -0.008470
   19  -0.077302  -0.021574  -0.018245   0.117121
   20   0.036197  -0.029237   0.007209  -0.014170
   21   0.014528  -0.067863   0.082758  -0.029423
   22  -0.029991  -0.090488   0.133558  -0.013079
   23   0.019542  -0.004745   0.031390  -0.046186
   24  -0.119628   0.032207  -0.111357   0.198779
   25   0.386402  -0.189725  -0.163931  -0.032747
   26   0.055254  -0.113131  -0.111522   0.169399
   27   0.179234  -0.138707  -0.032984  -0.007543
   28   0.134671   0.051683  -0.071817  -0.114537
   29  -0.201548   0.019986  -0.081088   0.262650
   30   0.105860  -0.050885   0.023804  -0.078779
   31  -0.021336  -0.054826   0.062822   0.013339
   32  -0.027237  -0.035511  -0.007611   0.070359
   33   0.036962  -0.049423  -0.060623   0.073084
   34   0.043943  -0.084031   0.003756   0.036332
   35  -0.049845  -0.037199   0.025283   0.061761
