  pos      val_A      val_C      val_G      val_T
    0  -0.061309  -0.068848   0.006367   0.123790
    1  -0.037323   0.002254  -0.019248   0.054318
    2  -0.080416  -0.164300   0.186469   0.058246
    3   0.021886  -0.151674   0.282373  -0.152585
    4  -0.064078   0.163053  -0.115218   0.016243
    5   0.057958  -0.010743   0.024705  -0.071920
    6   0.028392  -0.014312  -0.040499   0.026418
    7   0.026234  -0.063754  -0.023595   0.061115
    8  -0.012712   0.017073  -0.000981  -0.003380
    9   0.010844   0.088065  -0.093216  -0.005692
   10  -0.016039   0.037283   0.004395  -0.025638
   11   0.007323  -0.010956   0.007094  -0.003460
   12   0.038813  -0.043292   0.042798  -0.038319
   13   0.021226   0.028280  -0.060393   0.010887
   14   0.013910  -0.013217  -0.016686   0.015992
   15  -0.037117  -0.030614   0.042007   0.025724
   16   0.063785  -0.014854   0.002556  -0.051487
   17  -0.023719  -0.027690   0.088602  -0.037193
   18   0.007919  -0.009630  -0.013397   0.015108
   19  -0.069271  -0.037086  -0.006970   0.113327
   20   0.056680  -0.024918   0.020642  -0.052404
   21   0.014782  -0.054248   0.066872  -0.027405
   22  -0.001575  -0.108332   0.136404  -0.026497
   23  -0.006802  -0.001190   0.045078  -0.037086
   24  -0.097077   0.023071  -0.160383   0.234389
   25   0.325411  -0.113341  -0.168526  -0.043544
   26   0.041897  -0.054713  -0.142946   0.155762
   27   0.159993  -0.092409  -0.070250   0.002666
   28   0.132009   0.074508  -0.115265  -0.091252
   29  -0.117212  -0.100992  -0.092233   0.310437
   30   0.128545  -0.087941   0.029840  -0.070443
   31  -0.016114  -0.068655   0.069895   0.014874
   32  -0.016031  -0.060502  -0.002090   0.078623
   33   0.026671  -0.052994  -0.042717   0.069040
   34   0.045184  -0.105123   0.014224   0.045715
   35  -0.046397  -0.023196   0.013233   0.056360
