  pos      val_A      val_C      val_G      val_T
    0  -0.060958  -0.056070  -0.007380   0.124407
    1  -0.025708   0.028483  -0.048000   0.045225
    2  -0.075780  -0.135722   0.153583   0.057919
    3   0.027726  -0.157562   0.260471  -0.130635
    4  -0.044927   0.166335  -0.101559  -0.019849
    5   0.066778  -0.033632   0.041996  -0.075142
    6   0.038062  -0.011613  -0.040229   0.013780
    7   0.030067  -0.067725  -0.027242   0.064900
    8   0.028344  -0.003000  -0.029642   0.004298
    9   0.026159   0.060705  -0.069879  -0.016985
   10  -0.002195   0.019804  -0.006556  -0.011053
   11   0.002994  -0.006322   0.001756   0.001572
   12   0.018172  -0.022840   0.043514  -0.038846
   13   0.004030   0.032746  -0.053957   0.017181
   14  -0.005243  -0.015789  -0.003542   0.024574
   15   0.001008  -0.062473   0.038293   0.023171
   16   0.066731  -0.009823  -0.018229  -0.038678
   17  -0.022281  -0.029608   0.095288  -0.043399
   18  -0.006615   0.038311  -0.024501  -0.007195
   19  -0.065570  -0.023548  -0.007820   0.096939
   20   0.040284  -0.035244   0.009178  -0.014218
   21   0.015700  -0.057999   0.066997  -0.024698
   22  -0.015840  -0.107419   0.157150  -0.033891
   23   0.000215  -0.006752   0.041787  -0.035250
   24  -0.120444  -0.027178  -0.093885   0.241507
   25   0.375983  -0.169854  -0.130005  -0.076124
   26   0.071288  -0.070524  -0.175393   0.174629
   27   0.171370  -0.102871  -0.056923  -0.011576
   28   0.115197   0.083413  -0.101276  -0.097334
   29  -0.069537  -0.138584  -0.109490   0.317611
   30   0.102531  -0.047855   0.026594  -0.081270
   31  -0.019464  -0.064300   0.072769   0.010995
   32  -0.011033  -0.028123  -0.004970   0.044126
   33   0.023389  -0.052372  -0.028733   0.057716
   34   0.044215  -0.105353   0.019390   0.041747
   35  -0.032621  -0.041882   0.031581   0.042922
