  pos      val_A      val_C      val_G      val_T
   36  -0.028166   0.003804  -0.024477   0.048839
   37  -0.012981  -0.014049   0.032133  -0.005103
   38   0.015093  -0.003348   0.018616  -0.030360
   39   0.010360   0.099681   0.050093  -0.160134
   40   0.209318   0.046910  -0.353738   0.097510
   41   0.057631   0.101409   0.015974  -0.175015
   42   0.080415   0.063204  -0.243002   0.099383
   43  -0.298942   0.150225   0.081039   0.067678
   44   0.020159  -0.028494  -0.164223   0.172558
   45   0.281438  -0.278992  -0.091913   0.089468
   46   0.071354   0.084884  -0.294630   0.138391
   47   0.049099  -0.041163  -0.005428  -0.002508
   48  -0.103886   0.085553  -0.076591   0.094924
   49   0.078584  -0.051026   0.102613  -0.130171
   50  -0.036391  -0.029042  -0.004195   0.069628
   51  -0.066785  -0.063154   0.052953   0.076987
   52   0.012399  -0.118786   0.054480   0.051906
   53  -0.134725   0.013110   0.086612   0.035003
   54  -0.054052   0.032325   0.079562  -0.057834
   55  -0.036344   0.059365   0.020012  -0.043033
   56   0.077161  -0.056338  -0.049571   0.028748
