  pos      val_A      val_C      val_G      val_T
   36  -0.048139   0.040719  -0.062456   0.069876
   37  -0.025003   0.062764  -0.009077  -0.028683
   38  -0.033518   0.013398   0.046188  -0.026067
   39  -0.002242   0.121740   0.028997  -0.148495
   40   0.082960   0.150601  -0.323381   0.089821
   41   0.037674   0.165835  -0.035863  -0.167646
   42   0.068978   0.112364  -0.232417   0.051075
   43  -0.293066   0.194765   0.043121   0.055179
   44   0.059331  -0.027603  -0.168576   0.136848
   45   0.226808  -0.265328  -0.088999   0.127519
   46   0.040699   0.092950  -0.314705   0.181056
   47   0.047536  -0.058703  -0.036786   0.047953
   48  -0.084642   0.045823  -0.087561   0.126380
   49   0.148368  -0.065773   0.055689  -0.138284
   50  -0.030840  -0.080859   0.051501   0.060199
   51  -0.086863  -0.024310   0.051346   0.059828
   52  -0.029259  -0.115721   0.107164   0.037816
   53  -0.135895   0.036642   0.076612   0.022641
   54  -0.077116   0.012064   0.050106   0.014945
   55  -0.063581   0.055032   0.025949  -0.017400
   56   0.015904  -0.068987  -0.000458   0.053541
