  pos      val_A      val_C      val_G      val_T
   36  -0.024385  -0.029938  -0.044354   0.098676
   37  -0.038649   0.073962  -0.003766  -0.031547
   38  -0.022185   0.015879   0.031652  -0.025346
   39   0.010457   0.102866   0.025329  -0.138653
   40   0.096658   0.130143  -0.322009   0.095208
   41   0.072706   0.164755  -0.056956  -0.180504
   42   0.065666   0.101829  -0.227620   0.060125
   43  -0.285664   0.179238   0.026152   0.080274
   44   0.064364  -0.014470  -0.171593   0.121699
   45   0.227066  -0.262620  -0.087640   0.123195
   46   0.046631   0.066584  -0.323877   0.210661
   47   0.054836  -0.048853  -0.042125   0.036142
   48  -0.102879   0.071932  -0.077319   0.108266
   49   0.122871  -0.039836   0.053506  -0.136541
   50  -0.044295  -0.076394   0.039038   0.081651
   51  -0.093372  -0.043997   0.075499   0.061870
   52  -0.017666  -0.125612   0.094075   0.049203
   53  -0.129259   0.022419   0.083898   0.022942
   54  -0.054869   0.048762   0.067134  -0.061027
   55  -0.062418   0.054174   0.033012  -0.024767
   56   0.016329  -0.080684   0.022326   0.042029
