  pos      val_A      val_C      val_G      val_T
    0  -0.094960  -0.010937  -0.023509   0.129406
    1  -0.042935  -0.002929  -0.004388   0.050252
    2  -0.137299  -0.200919   0.230409   0.107809
    3   0.010488  -0.134122   0.139307  -0.015673
    4  -0.205010   0.017620   0.027458   0.159932
    5   0.120720  -0.021246  -0.090010  -0.009465
    6   0.069326  -0.003184  -0.111534   0.045392
    7   0.043544  -0.093578  -0.006458   0.056492
    8   0.075306  -0.086894   0.010293   0.001295
    9  -0.014692   0.027116  -0.027214   0.014790
   10  -0.009889  -0.008064  -0.000221   0.018174
   11  -0.024578  -0.006847   0.008027   0.023398
   12   0.034256  -0.001095  -0.011388  -0.021773
   13   0.023736   0.014492  -0.015341  -0.022887
   14  -0.002770   0.029020  -0.010480  -0.015770
   15   0.055432   0.006687  -0.061167  -0.000953
   16   0.002463  -0.021946   0.022834  -0.003351
   17   0.026719  -0.039396   0.009497   0.003179
   18   0.018628  -0.029647  -0.026610   0.037629
   19  -0.077632  -0.013055  -0.005830   0.096517
   20   0.036624  -0.075534   0.040581  -0.001672
   21  -0.036939   0.027244   0.037317  -0.027622
   22   0.003136  -0.142587   0.153611  -0.014160
   23  -0.098144   0.051747   0.028372   0.018025
   24  -0.095659   0.019997  -0.146697   0.222360
   25   0.276118  -0.023981  -0.188780  -0.063356
   26   0.080974  -0.057424  -0.128878   0.105329
   27   0.208594  -0.232893  -0.045626   0.069925
   28   0.149101   0.020319  -0.061986  -0.107434
   29  -0.026186  -0.155422  -0.092144   0.273752
   30   0.088579  -0.061727   0.022450  -0.049302
   31   0.036869  -0.075029  -0.000330   0.038491
   32   0.003190   0.017691   0.025997  -0.046878
   33   0.019543  -0.093842   0.002331   0.071969
   34   0.097821  -0.115075  -0.048974   0.066227
   35  -0.018562  -0.049985   0.041488   0.027059
