  pos      val_A      val_C      val_G      val_T
    0  -0.087098  -0.000214  -0.036934   0.124246
    1  -0.067052   0.048460  -0.036269   0.054861
    2  -0.130034  -0.176489   0.233870   0.072652
    3   0.010941  -0.106906   0.270721  -0.174755
    4  -0.072220   0.127360  -0.073199   0.018058
    5   0.111334  -0.050250  -0.055694  -0.005390
    6   0.038541  -0.022405  -0.055082   0.038947
    7   0.026817  -0.055342  -0.024794   0.053318
    8   0.031034   0.004058  -0.039579   0.004487
    9   0.001974   0.012585  -0.049958   0.035399
   10  -0.017123   0.019269  -0.003615   0.001469
   11  -0.027792  -0.011625   0.013341   0.026077
   12   0.030390  -0.021361   0.035863  -0.044891
   13  -0.018834   0.017228  -0.005592   0.007198
   14   0.016240  -0.015251  -0.003202   0.002213
   15   0.028461  -0.049780   0.038411  -0.017091
   16  -0.014768  -0.006668  -0.009784   0.031221
   17   0.010940  -0.017423  -0.036078   0.042560
   18   0.051807  -0.036571  -0.017766   0.002530
   19  -0.047421  -0.051165  -0.011381   0.109967
   20   0.065758  -0.047322   0.009947  -0.028384
   21   0.094009  -0.047470   0.032767  -0.079307
   22   0.018931  -0.116688   0.127080  -0.029324
   23  -0.022794   0.044044   0.009932  -0.031181
   24  -0.116207  -0.035470  -0.087819   0.239497
   25   0.375801  -0.147744  -0.043702  -0.184354
   26   0.043953  -0.054407  -0.110982   0.121436
   27   0.176564  -0.109744  -0.040484  -0.026337
   28   0.096306   0.095481  -0.072260  -0.119527
   29  -0.061567  -0.172035  -0.065912   0.299514
   30   0.082108  -0.058761   0.023477  -0.046825
   31   0.034583  -0.069630  -0.004924   0.039971
   32   0.007947   0.004653   0.008055  -0.020655
   33  -0.000177  -0.027124  -0.052415   0.079717
   34   0.081782  -0.098243  -0.034608   0.051069
   35   0.008550  -0.039943   0.000218   0.031174
