  pos      val_A      val_C      val_G      val_T
   36  -0.043351  -0.008451  -0.055942   0.107744
   37  -0.038121   0.063259  -0.010443  -0.014694
   38  -0.009368   0.001741   0.040750  -0.033123
   39   0.031562   0.035445   0.062049  -0.129056
   40   0.106631   0.194652  -0.364863   0.063580
   41   0.061918   0.143335  -0.004535  -0.200718
   42   0.107443   0.109096  -0.253949   0.037411
   43  -0.296312   0.142525   0.069447   0.084340
   44   0.010543  -0.039781  -0.153643   0.182881
   45   0.272882  -0.270839  -0.111939   0.109896
   46  -0.051708   0.117773  -0.243834   0.177768
   47   0.008993  -0.023283  -0.017512   0.031802
   48  -0.082524   0.085741  -0.106477   0.103260
   49   0.109032  -0.042129   0.055490  -0.122393
   50  -0.034365  -0.052392   0.017961   0.068796
   51  -0.061366  -0.030335   0.020927   0.070774
   52   0.037585  -0.120185   0.044704   0.037897
   53  -0.115648   0.023912   0.052783   0.038953
   54  -0.054353   0.031833   0.050242  -0.027722
   55  -0.049331   0.043377   0.024423  -0.018469
   56   0.002776  -0.095123   0.058549   0.033797
