  pos      val_A      val_C      val_G      val_T
   36  -0.039804  -0.004636  -0.065128   0.109569
   37  -0.061370   0.165348  -0.038414  -0.065564
   38  -0.003739   0.007403   0.038867  -0.042531
   39   0.025855   0.064287   0.059055  -0.149197
   40   0.218665   0.003128  -0.370876   0.149082
   41   0.070803   0.119528  -0.003611  -0.186720
   42   0.114503   0.091842  -0.258920   0.052576
   43  -0.255275   0.084671   0.062329   0.108275
   44   0.002151  -0.026637  -0.152485   0.176971
   45   0.304823  -0.270782  -0.096952   0.062911
   46   0.071064   0.038561  -0.228613   0.118987
   47   0.057617  -0.047314  -0.014755   0.004452
   48  -0.084027   0.069598  -0.081875   0.096304
   49   0.094449  -0.064836   0.077161  -0.106774
   50  -0.024874  -0.044152   0.011031   0.057994
   51  -0.066795  -0.046690   0.028962   0.084523
   52   0.020225  -0.111728   0.057708   0.033795
   53  -0.140528   0.019066   0.077444   0.044018
   54  -0.060387   0.018357   0.077917  -0.035887
   55  -0.073693   0.060307   0.023049  -0.009663
   56   0.047167  -0.081148  -0.011993   0.045974
