  pos      val_A      val_C      val_G      val_T
   36  -0.033118  -0.000941  -0.023987   0.058047
   37  -0.056447   0.057800   0.015384  -0.016737
   38  -0.038271   0.026708   0.049206  -0.037643
   39   0.048081   0.025276   0.078612  -0.151969
   40   0.085785   0.107616  -0.339431   0.146030
   41   0.108116   0.116857  -0.006934  -0.218039
   42   0.096854   0.096732  -0.262874   0.069288
   43  -0.283893   0.118039   0.067385   0.098469
   44   0.037937  -0.020882  -0.161680   0.144626
   45   0.131197  -0.254294  -0.045326   0.168422
   46   0.023308   0.145988  -0.339726   0.170430
   47   0.057126  -0.027287  -0.031711   0.001873
   48  -0.092826   0.042305  -0.073937   0.124459
   49   0.077602  -0.059683   0.107355  -0.125274
   50  -0.054679  -0.051178   0.045608   0.060248
   51  -0.096092  -0.028728   0.054135   0.070685
   52   0.042677  -0.138581   0.024059   0.071845
   53  -0.143790   0.006085   0.093927   0.043778
   54  -0.069993   0.037800   0.073152  -0.040960
   55  -0.088104   0.060864   0.048668  -0.021428
   56   0.010078  -0.052273   0.030569   0.011626
