  pos      val_A      val_C      val_G      val_T
   36  -0.032486  -0.009352  -0.031645   0.073483
   37  -0.028014   0.052443  -0.004210  -0.020219
   38  -0.038504   0.031097   0.041395  -0.033988
   39   0.012001   0.023504   0.091607  -0.127111
   40   0.112747   0.105550  -0.294961   0.076664
   41   0.064498   0.149010  -0.024724  -0.188784
   42   0.075544   0.089620  -0.241548   0.076384
   43  -0.284370   0.173196   0.049832   0.061342
   44   0.035058  -0.008610  -0.160258   0.133810
   45   0.216507  -0.276823  -0.074059   0.134375
   46   0.146482   0.016373  -0.330871   0.168016
   47   0.030818  -0.003969  -0.011011  -0.015838
   48  -0.128508   0.030602  -0.117236   0.215142
   49   0.060669   0.017296   0.083985  -0.161949
   50  -0.058878  -0.058112   0.037812   0.079179
   51  -0.105321  -0.008970   0.008465   0.105826
   52   0.035154  -0.108505  -0.003192   0.076544
   53  -0.130825   0.015211   0.090623   0.024992
   54  -0.050695   0.061598   0.079743  -0.090646
   55  -0.051515   0.055806   0.028017  -0.032309
   56  -0.004680  -0.058785   0.030181   0.033285
