pos      val_A      val_C      val_G      val_T
   0  -0.020488   0.009856  -0.004199   0.014830
   1  -0.035034   0.030809   0.000676   0.003550
   2  -0.007901   0.011366   0.036920  -0.040384
   3   0.022309   0.075261   0.064582  -0.162151
   4   0.110842   0.138755  -0.337301   0.087704
   5   0.029861   0.117778   0.068518  -0.216156
   6   0.084437   0.099193  -0.247166   0.063536
   7  -0.320688   0.263485   0.017644   0.039559
   8   0.022687  -0.030821  -0.147157   0.155291
   9   0.199968  -0.266237  -0.027120   0.093389
  10   0.073047   0.103768  -0.335115   0.158299
  11   0.036522  -0.015211  -0.013622  -0.007688
  12  -0.087572   0.032310  -0.064618   0.119880
  13   0.053540  -0.000259   0.089664  -0.142944
  14  -0.052882  -0.017103   0.033622   0.036363
  15  -0.038870  -0.032421   0.028484   0.042807
  16   0.099714  -0.192796   0.051471   0.041611
  17  -0.122642   0.016985   0.074860   0.030797
  18  -0.032840   0.022927   0.005110   0.004803
  19   0.030935  -0.015284   0.026100  -0.041751
  20   0.034446  -0.048528   0.067585  -0.053503
