val_A      val_C      val_G      val_T
 0.000000  -0.005553  -0.019969   0.123061
 0.000000   0.112611   0.034883   0.007102
 0.003161   0.041225   0.056998   0.000000
 0.149110   0.241519   0.163982   0.000000
 0.418667   0.452152   0.000000   0.417217
 0.253210   0.345259   0.123548   0.000000
 0.293286   0.329449   0.000000   0.287745
 0.000000   0.464902   0.311816   0.365938
 0.235957   0.157123   0.000000   0.293292
 0.489686   0.000000   0.174980   0.385815
 0.370508   0.390461   0.000000   0.534538
 0.096961  -0.006728   0.000000   0.078267
 0.000000   0.174811   0.025560   0.211145
 0.259412   0.096705   0.190047   0.000000
 0.000000  -0.032099   0.083333   0.125946
 0.000000   0.049375   0.168871   0.155242
 0.107946   0.000000   0.219687   0.174815
 0.000000   0.151678   0.213157   0.152201
 0.000000   0.103631   0.122003  -0.006158
-0.037651   0.078941   0.057779   0.000000
-0.025700  -0.122713  -0.019703   0.000000