val_A      val_C      val_G      val_T
 0.000000   0.018378  -0.004971   0.158089
 0.000000   0.092582   0.018274   0.004769
 0.023964   0.023323   0.076670   0.000000
 0.154570   0.172079   0.174287   0.000000
 0.415423   0.523212   0.000000   0.425177
 0.227902   0.309791   0.191611   0.000000
 0.358319   0.312891   0.000000   0.288890
 0.000000   0.422698   0.353248   0.359566
 0.158203   0.111749   0.000000   0.301493
 0.541281   0.000000   0.159321   0.371731
 0.189350   0.303685   0.000000   0.608369
 0.023129  -0.000727   0.000000   0.037230
 0.000000   0.179303  -0.024641   0.168411
 0.187481   0.043174   0.176964   0.000000
 0.000000  -0.000337   0.057889   0.103068
 0.000000   0.072250   0.074405   0.133125
 0.157193   0.000000   0.157972   0.145115
 0.000000   0.142952   0.159894   0.141667
 0.000000   0.080508   0.116882   0.035838
-0.038178   0.073941   0.028341   0.000000
-0.038240  -0.105699   0.023830   0.000000