val_A      val_C      val_G      val_T
 0.000000   0.063947   0.013178   0.119012
 0.000000   0.093968   0.003189   0.003006
 0.000000   0.018226   0.022897  -0.039167
 0.128333   0.170423   0.143159   0.000000
 0.580745   0.315119   0.000000   0.441783
 0.206487   0.324146   0.147631   0.000000
 0.429357   0.538375   0.000000   0.466296
 0.000000   0.202819   0.241246   0.225242
 0.281883   0.063344   0.000000   0.333512
 0.712773   0.000000   0.122834   0.314869
 0.235540   0.164709   0.000000   0.293423
 0.000000  -0.029481  -0.050663  -0.014139
 0.016471   0.115938   0.000000   0.164099
 0.199015   0.134340   0.126805   0.000000
 0.000000   0.021360   0.041828   0.105236
 0.000000   0.033348   0.091542   0.095086
 0.161175   0.000000   0.134642   0.160471
 0.000000   0.028485   0.122589   0.111730
 0.000000  -0.019736   0.017956   0.007240
-0.021061   0.000000  -0.059719  -0.081179
 0.055664   0.000000   0.066580   0.087592