val_A      val_C      val_G      val_T
 0.000000   0.011149   0.003246   0.358033
 0.000000   0.035586   0.006330   0.002212
 0.000000   0.008190   0.036145  -0.027919
 0.115195   0.214559   0.117754   0.000000
 0.378926   0.191997   0.000000   0.262666
 0.201288   0.373048   0.084437   0.000000
 0.526807   0.511200   0.000000   0.459988
 0.000000   0.109316   0.137642   0.111226
 0.256426   0.010894   0.000000   0.360448
 0.749788   0.000000   0.078607   0.247694
 0.164684   0.077046   0.000000   0.240774
 0.000000  -0.019455  -0.031245  -0.032157
 0.015476   0.100292   0.000000   0.084164
 0.160776   0.082387   0.090649   0.000000
 0.000000   0.034293   0.024486   0.081273
 0.000000   0.019404   0.075257   0.075039
 0.120204   0.000000   0.107398   0.136418
 0.000000   0.016499   0.106540   0.082573
 0.000000  -0.033916  -0.003629  -0.013883
-0.018500   0.000000  -0.049135  -0.065673
 0.025866   0.000000  -0.002853   0.070470