  pos      val_A      val_C      val_G      val_T
    0  -0.118821  -0.007723  -0.001964   0.128508
    1  -0.027524  -0.034591  -0.010606   0.072721
    2  -0.133854  -0.199495   0.243302   0.090047
    3   0.016934  -0.121555   0.235726  -0.131105
    4  -0.111773   0.116879  -0.026389   0.021282
    5   0.138646  -0.090420  -0.059275   0.011049
    6   0.050935  -0.016108  -0.060446   0.025619
    7   0.009429  -0.042174   0.000534   0.032211
    8   0.007274  -0.022519  -0.012380   0.027625
    9   0.003433  -0.030527  -0.006036   0.033130
   10  -0.000514  -0.010980  -0.016714   0.028208
   11  -0.005220   0.003819  -0.011152   0.012553
   12   0.038410  -0.006585  -0.003522  -0.028302
   13  -0.018677   0.008657   0.006917   0.003103
   14   0.002714  -0.013802  -0.004576   0.015664
   15   0.005240  -0.015898  -0.010394   0.021053
   16   0.012341  -0.004969   0.000130  -0.007502
   17   0.016063  -0.016760  -0.001660   0.002356
   18   0.004813   0.036052  -0.042065   0.001200
   19  -0.030299  -0.035606  -0.034723   0.100628
   20   0.067535  -0.030969   0.039306  -0.075872
   21   0.037574  -0.074658   0.049752  -0.012668
   22   0.006971  -0.117080   0.124642  -0.014533
   23  -0.069381   0.078672   0.006459  -0.015750
   24  -0.146221   0.038160  -0.192430   0.300491
   25   0.346841  -0.164984  -0.052543  -0.129314
   26  -0.053666  -0.019783  -0.078222   0.151671
   27   0.160342  -0.082635  -0.052509  -0.025197
   28   0.124386   0.075273  -0.093024  -0.106635
   29  -0.041479  -0.170907  -0.108608   0.320995
   30   0.054401  -0.023083   0.023473  -0.054791
   31   0.018245  -0.031999  -0.004411   0.018165
   32   0.023056  -0.012624  -0.004306  -0.006126
   33  -0.004653  -0.015519  -0.017176   0.037348
   34   0.030369  -0.041447  -0.005027   0.016105
   35   0.013638  -0.048865  -0.003069   0.038295
