  pos      val_A      val_C      val_G      val_T
    0  -0.147020   0.002718   0.028783   0.115519
    1  -0.051386  -0.020087  -0.003093   0.074566
    2  -0.144732  -0.215779   0.262082   0.098428
    3  -0.002500  -0.062353   0.216174  -0.151321
    4  -0.077143   0.134607  -0.065793   0.008329
    5   0.132333  -0.092937  -0.045045   0.005650
    6   0.036462  -0.024514  -0.033342   0.021394
    7  -0.009737   0.007306  -0.009522   0.011953
    8   0.026655  -0.053525   0.022186   0.004683
    9  -0.019286   0.006268  -0.021984   0.035002
   10   0.004550  -0.010808  -0.014078   0.020336
   11   0.004188   0.008536  -0.030845   0.018121
   12   0.090277  -0.035511  -0.009985  -0.044781
   13  -0.038400  -0.013467  -0.003781   0.055648
   14   0.000480  -0.007233  -0.013118   0.019871
   15  -0.000800  -0.007396  -0.011536   0.019732
   16   0.043362  -0.008829  -0.035156   0.000622
   17   0.006470  -0.027389  -0.005254   0.026173
   18  -0.001996  -0.019011  -0.032690   0.053697
   19  -0.071880  -0.050790  -0.036224   0.158893
   20   0.065760  -0.027941   0.032264  -0.070083
   21   0.014291  -0.061962   0.071135  -0.023464
   22  -0.003618  -0.128232   0.115942   0.015907
   23  -0.083240   0.072205   0.019690  -0.008654
   24  -0.158432   0.014032  -0.161246   0.305647
   25   0.321354  -0.180690  -0.030511  -0.110152
   26  -0.084241  -0.079001   0.037381   0.125861
   27   0.159196  -0.061366  -0.068909  -0.028922
   28   0.122391   0.054960  -0.082169  -0.095182
   29  -0.100479  -0.150173  -0.046241   0.296892
   30   0.066282  -0.032165   0.033217  -0.067334
   31  -0.026113  -0.031073   0.048182   0.009004
   32   0.012618  -0.009448   0.010041  -0.013211
   33   0.052566  -0.025648  -0.037250   0.010332
   34   0.031082  -0.038928   0.003399   0.004447
   35  -0.005647  -0.039508  -0.005884   0.051039
