pos        val_AA     val_AC     val_AG     val_AT     val_CA     val_CC     val_CG     val_CT     val_GA     val_GC     val_GG     val_GT     val_TA     val_TC     val_TG     val_TT   
36.370000   0.000000   0.132848  -0.261133  -0.299682  -0.022267   0.624534   0.328011   0.212914  -0.116058  -0.416311  -0.052215  -0.120476   0.973797  -1.239051  -0.770422  -0.412279
36.380000  -0.182948   0.203059   0.212593   0.000000  -0.477266  -0.136196   0.594922  -0.356715  -0.465317   0.123779  -0.118582  -0.931364  -0.041689   0.542343  -0.037900   0.432226
36.390000   1.631929  -0.772624  -0.006483   0.000000   0.113966   2.208562   0.630705   0.625322   0.129383  -0.142592   0.242939   0.105550   0.401803   0.087980  -0.250168  -0.068713
36.400000  -0.149556   0.168600   0.000000   1.572233  -0.077937  -0.498549  -0.469823  -0.511150  -0.233112  -0.305027  -0.253926  -1.224885   2.267953  -1.872188   1.348419  -0.674852
36.410000  -1.026186  -1.036268   0.107045   0.000000  -0.467305   0.220892   0.667039   0.449255  -0.155672   1.315402  -0.251539  -0.256850   0.773684   1.361855  -0.097790   1.470606
36.420000   3.633148   0.771402   0.000000   1.541736   0.339693   1.774571   0.409291   2.012180   0.592340   1.090876   0.334249   0.810664  -0.595277   0.554260   0.749665  -0.037032
36.430000   0.000000   2.093521   1.274362   1.406874   3.220635   2.793522   2.072000   2.232819   2.304036   2.082211   0.726981   2.171264   2.248590   1.495645   2.901446   2.278413
36.440000   0.849753   0.145493   0.000000   1.026272   0.229940   0.915173   1.057480   1.441078   0.818634   0.579011   0.713325   1.514175  -0.505051   0.617175   0.749876   0.956789
36.450000  -1.075825   0.000000  -0.964991  -0.877385  -1.043134  -2.147885  -1.165306  -0.898029   0.080705  -0.854323  -0.777965  -1.045329  -2.792455  -1.040111  -0.612890  -1.839047
36.460000   0.384598   1.325876   0.000000   0.348879   0.394733   0.233504   0.043673   0.099274  -0.466945   0.256921   0.506586   1.383367   0.877362  -0.462711   0.173374   1.748419
36.470000   0.569098   0.109527   0.000000   0.259490   0.362059  -0.636972   1.244762   1.068453   0.727986   0.441639   0.114898   0.798692   0.640381   0.405940   2.339993   1.946870
36.480000   0.000000   0.495005   0.137783  -0.110328   0.427472   0.183847   0.890093   0.289324   0.039665   0.859426   1.064767  -0.674001  -0.519215  -0.404056   0.117511   0.339220
36.490000   0.091543   0.981937   0.893513   0.000000   0.246162   0.122882   0.086389  -1.449005   0.849582   0.326584   0.083675  -1.281868   1.243550  -0.056285   0.329750   1.167271
36.500000   0.000000   0.434296  -0.281037   0.737076   0.771661   0.453645   0.506774   0.894594  -0.050348  -0.448758   0.392501   0.177709   0.802702   0.933475   0.025336   0.383679
36.510000   0.000000   0.059826   1.426961   0.521486   0.193722   1.308327   1.800181   0.735644   0.060906   0.054554   0.242937  -0.863579   0.950118   0.688053   0.190261   0.590253
36.520000   0.135651   0.000000  -1.139792  -0.266480   1.453621  -0.675265   1.392095  -0.658110  -0.974522  -0.392248   0.114897   0.433858  -0.197396   2.289152  -1.268422   1.411086
36.530000   0.000000  -0.957794  -0.242445  -0.949933  -2.394761  -1.773368  -3.670270  -1.453303  -1.521202  -1.609107  -0.275787  -0.786846  -1.781230  -0.370403  -0.969871  -1.562765
36.540000   0.000000   0.339399   0.211963  -0.198184   0.720410   0.165180  -0.235373  -0.060750   0.428919  -0.474304   1.041609   0.009877   1.353997  -0.443925   0.186706   0.454512
36.550000  -0.772707  -0.631553   0.412812   0.000000  -2.037541  -1.175322  -1.245026  -1.199311  -0.872696  -1.045275  -0.319477  -1.475672  -0.651643  -0.037767  -0.216144  -1.067034
36.560000   0.369399  -0.156203   1.489891   0.000000   0.478794   0.610717   0.493468   0.431164   0.258961   0.083540   0.689703   0.507026   0.345983   1.880700   0.714893  -0.971598
37.380000   1.286162   1.023632   1.123923   0.000000   3.358924   1.840960   1.252515   1.930259   2.180628   1.084787   1.735174   1.417364   2.116990   2.320853   1.290044   1.470054
37.390000  -0.678931  -1.507559  -0.821955   0.000000  -0.884786  -1.379254  -1.508492  -0.948557  -0.258023  -3.045284   0.619944   0.023327  -1.256092  -0.908482  -1.055833  -1.092560
37.400000  -0.442926  -0.011463   0.000000   0.170776  -0.577016   0.221649   0.786256  -0.460439   0.023047  -0.160624  -1.023471  -0.017096  -0.161324   0.020881   0.673399   0.944767
37.410000  -1.270469  -0.065736  -0.001037   0.000000  -0.316495   0.105958  -0.917965   0.177921   1.541255  -0.026651   0.465154   0.500551  -0.683372   0.838874   0.008544  -0.136261
37.420000   1.142116   1.037504   0.000000   1.180122   0.425861  -0.119815   1.080367   1.748610   1.006385   1.405312   1.274529   1.276474   0.961396   1.109780  -0.194858   1.406872
37.430000   0.000000   2.127872   2.240117   1.639164   2.152963   2.884871   2.257743   2.835863   0.461391   2.760877   0.853754   2.632198   3.010605   2.108540   2.456349   1.916087
37.440000   1.352237   1.134875   0.000000   2.308848   1.606909  -1.141737   2.424034   3.004592   0.766453   2.488469   0.226628   1.508815   1.822086   0.628916   1.600659   1.565018
37.450000  -0.578636   0.000000  -0.274792   0.692997   2.195252  -0.615634  -0.639075   0.557436  -1.145620  -0.437754   0.079408  -1.444224  -0.029306  -0.594099  -0.823084  -0.410537
37.460000  -0.871473  -0.132323   0.000000  -0.080055   0.825158  -1.014053  -0.131566  -1.952961   0.643146   0.598236  -0.332358  -0.461952   1.748402  -0.999215  -0.143388  -0.170622
37.470000   1.955851   1.109250   0.000000  -1.316173   0.476278   0.250737  -0.048666   0.052294   0.052393   0.132482  -0.553381   0.147943   0.057708   0.611212   0.157101  -0.917304
37.480000   0.000000   0.159969   0.831984   0.353940  -0.790381   0.957368   0.774460   0.143065  -0.182636  -1.749732   0.586038  -0.812678  -0.350736  -0.582520   1.859849  -0.557457
37.490000  -1.284296  -0.030952  -0.773349   0.000000  -0.054916   0.086750  -1.798109  -0.219662   0.364180   0.194051   1.394206   2.255368   1.786196   0.423107   0.265499   0.443871
37.500000   0.000000   1.269332  -0.730427   0.341959  -0.140063  -0.606898   0.313122  -0.606467  -0.767016  -0.999817  -2.570709   0.448852  -1.310236  -1.007256  -0.931584  -0.728394
37.510000   0.000000   1.024139   0.862218   2.247024  -0.255898   0.524068   0.975458   0.749432   1.054412  -0.379642   2.193087   1.141956   1.241625   1.165875   1.043717   1.044084
37.520000   0.091394   0.000000   0.090365  -0.586360  -1.980022  -2.308068  -0.173033  -0.126495  -0.300461  -1.261979  -0.879726   0.665019  -0.317060  -0.369946  -0.497375  -0.402137
37.530000   0.000000   1.708479   0.293305   0.247872   0.699411   0.596436   0.342027   0.380622   1.357876   0.760289   0.013582   0.770468   0.406056   0.409503   0.578680   0.393527
37.540000   0.000000   0.026205  -0.391908  -0.418299  -0.038459  -0.038416   0.620440  -0.410309  -0.253867  -0.818695   0.567285   1.206462  -0.797872  -1.284478  -0.400319   0.880107
37.550000  -1.090992   1.650613  -1.116951   0.000000   0.280816   1.415763   2.020181   0.698224  -0.676239   0.513592  -0.215592   0.502914   0.690082   0.537468  -0.546524   0.444807
37.560000   1.256709   1.872291   0.501547   0.000000  -0.039608   0.478597   1.620737   0.435447   0.207471   1.814470   0.591232   1.401512   0.248175   0.423849   0.393084  -1.796542
38.390000  -2.177420  -1.638651  -1.655392  -0.753958  -0.023076  -0.295591  -1.184958  -1.749047  -0.876393  -2.471328  -0.986834  -0.183284  -1.041830  -0.299739  -1.086438   0.000000
38.400000   1.171977   1.119915   1.265105   2.004136   0.312136   0.970825  -1.036518  -2.032335   1.294439   0.982044   0.887168   0.713867   0.345026   0.647256   0.000000   0.867676
38.410000   1.158919   2.125622   0.524055   0.052161   0.765046   1.161621   1.199397   1.769077   2.929945   1.009398  -2.108169   1.484244   1.597546  -0.516699   1.496282   0.000000
38.420000   0.758681   0.035552  -1.051718   2.831205  -1.978750   0.100554   0.000059   0.325709  -0.970431  -0.159838   0.022791  -0.138504  -0.804687  -0.122210   0.000000  -1.290617
38.430000  -0.077106   0.120504   1.264557   0.829401   2.180700   0.321966   0.185978   0.171228  -0.850468   0.546800  -0.041483  -0.133106   0.000000   0.297738   0.062924   0.181582
38.440000   0.511286   0.953920   1.115604   2.779951   1.253893   2.274972   0.903580   1.405511   0.680100   0.890146   0.801003  -0.014446   2.255759  -0.141698   0.000000   0.737047
38.450000  -0.047948  -1.954880  -0.740277   1.196850  -0.673860  -0.220364   0.472795  -1.897347  -0.536397  -0.223261  -0.204235   0.066366  -0.032881   0.000000   0.079737   0.059712
38.460000   0.753190   0.336419   0.211492   0.216595   0.235254   0.190056   0.757809  -0.675687  -0.203865   0.087842  -0.202648   0.744386   0.762993   1.005129   0.000000   0.741631
38.470000   1.403613  -0.200618   0.236148   1.503766   0.008409   0.277528   0.430165   0.142204  -0.157485  -0.003876  -1.894890  -1.005847   1.513246   0.526333   0.000000   0.975683
38.480000   2.209098   3.285071   1.950647   1.869210   2.182211   2.155121   2.093877   2.302640   2.132310   2.017446   2.121185   2.194856   0.000000   2.912683   2.366850   1.721565
38.490000   1.986237   0.281759   0.730450   0.242770  -0.087618  -0.056389   0.367008  -0.021338   1.064725   0.542525   0.480505  -2.415387  -0.312126  -1.321568  -0.522626   0.000000
38.500000   0.857752   0.834109  -0.095303   1.473162  -0.129473  -0.073597  -0.033156  -0.807148   1.225150  -0.011364  -0.060370  -0.148448   0.000000  -0.844713   0.397540   0.450931
38.510000  -0.848694  -0.415231  -1.418778   0.000193   1.704132   0.242434   0.493048  -0.590940   0.249427  -0.603031   2.469176  -0.219810   0.000000   0.305516   0.320318   0.316201
38.520000   0.226624   0.419093  -0.002725   0.575391   0.030818  -0.210691   0.565598  -0.297188   0.243102   0.894977   0.691789  -0.357883   0.057666   0.000000   1.672205   1.727701
38.530000  -0.528982  -0.178797  -0.124078   0.861463  -0.040932   2.062994  -0.529566  -0.065063  -0.586022   0.532426   0.525837   0.234931   0.000000   0.288610  -0.005544  -0.790376
38.540000   0.090579   0.370674   0.143522  -0.920932  -0.474777  -0.126511  -0.171357   0.178664   0.082251   0.380128   0.623878   0.041217   0.000000   0.369704  -0.078574   0.105093
38.550000   0.280903   0.932373   0.412194  -0.874249   0.301819  -0.548646   1.997286   5.574445   0.096655   0.133939  -0.038632   0.584573  -2.350431  -0.545912  -0.153401   0.000000
38.560000   1.613081   0.664576   0.245704   1.082692   1.017760   0.319483   1.164650   1.278350   1.110638   2.244966   1.549918   0.395540   1.430037   1.133555   1.050957   0.000000
39.400000   1.940018   1.878161   1.403533   1.131638   1.517493   1.151066   0.994970  -1.485786   2.398930   1.187777   1.775177   0.995474   1.251794   0.834788   0.000000   1.350814
39.410000   1.164966  -0.439009   0.603707  -0.040161   1.010691   0.273753  -0.330937   1.645014   0.306967   0.739476   0.043045  -0.555705   0.785593   0.738231   0.502287   0.000000
39.420000   0.198265   0.167207   3.050436   0.739086  -3.225883  -1.177628   1.384909  -0.661566  -1.361991   0.721343   0.045690   0.610642  -0.268048  -0.421342   0.000000   1.749541
39.430000   2.445735   2.483838   1.936150   1.801702   4.019227   2.213499   2.634835   2.612992   3.002763   1.301626   1.935595   2.023926   0.000000   3.691400   2.883390   2.249703
39.440000   0.269686   0.337807  -2.916653   0.362636   0.180071   0.999983  -0.815156   0.732697   1.302178   2.563560   0.281343   0.488630   0.243922  -0.489625   0.000000   0.897783
39.450000   0.060036   0.903071  -0.099780  -0.575271   0.711093  -0.217848   0.358386   0.949618   0.032319   0.999318   0.056830  -0.581227   1.896248   0.000000   1.461059   1.572706
39.460000   0.401108   0.163184   0.140877  -0.569814   0.179689   1.228931   1.098663   0.299880   0.556433   0.478727  -0.810988   0.066494   0.621320   0.753118   0.000000   3.263587
39.470000   0.403750   0.710459   0.519543  -0.518825   1.798645   1.436523  -0.119866   0.050648   0.795582   1.086815   1.467059   0.921182   0.740207   0.909208   0.000000   0.021696
39.480000   0.142069   0.048313   0.072636  -0.048485   0.065249  -0.727326  -0.717440   0.808380  -0.323754  -0.662983   1.118865   0.334929   0.000000  -2.680819   0.058400   0.297952
39.490000   0.124780   0.765187   0.664930   0.303584   0.526223   0.367229  -0.034187   0.412535   0.652563   0.387706   0.657842   0.838819   0.579176   0.689735   0.431668   0.000000
39.500000  -1.356906  -0.172192  -0.332808  -1.371543   1.263634  -1.313459   0.837394  -0.548455   0.210240  -0.853631  -0.513937  -0.311987   0.000000  -0.449240  -0.531698  -0.308051
39.510000   1.219455   1.769961   1.181822   1.660707   3.265366   0.881261   1.039308   1.577602  -0.351071   1.461564   1.556362   2.289004   0.000000  -0.157177   1.822446   0.941973
39.520000   0.505787   0.260979   3.767834   0.862086  -1.224007   0.733644   0.788523  -0.440713   0.516022   0.870433   0.668076   0.648710   0.982060   0.000000   0.953847   1.323130
39.530000   0.503578   2.009990   1.282476   2.433456   1.653649   2.349884   1.944389   2.073643   1.854651   2.170870   2.254214   1.727977   0.000000   0.476109   2.101376   2.262082
39.540000   0.488789  -0.617374  -1.161866  -0.036184  -1.228775  -1.195813  -0.569542  -0.754902  -0.370783  -0.146713  -1.083714  -0.043726   0.000000  -2.086813  -0.383067   0.104272
39.550000  -0.701185  -0.635836  -0.593352  -0.237621  -0.275744  -0.534996  -0.554031   0.059177  -0.738606  -1.356522  -0.410155   1.167777  -0.666248  -0.902636  -0.628493   0.000000
39.560000  -1.553889  -0.921283  -0.619382   0.206344  -0.942066  -0.379830   0.175313  -1.513147   0.255127  -1.557819  -0.592141  -1.287798  -1.910987  -0.789673  -0.668367   0.000000
40.410000   0.327409   0.676226   1.700920   0.727212   0.530232   0.611266   1.151131   0.207545   0.126261   2.734700   0.749756   0.000000   0.514881   0.588420   0.187723   1.486538
40.420000  -0.587616  -0.342811   0.490751  -0.763527   0.161966   0.321159   0.354297  -0.448275   0.816465   0.955150   0.000000   1.103775   0.397784  -0.779345   0.162037   0.173902
40.430000   0.737673  -0.207296   0.424695   0.005337   0.705541  -0.365888  -1.247421   0.769050   0.000000  -0.134558  -1.089821  -0.253092  -1.208720  -0.205935  -1.540481   1.233539
40.440000   1.171030   1.333865   1.498274   0.929198   0.288123   0.572229  -0.822110   1.084792   1.589779   0.472352   0.000000   3.154896   0.619535   2.280363   2.828676   1.592999
40.450000   1.402663   1.447297   1.813046   2.571216   2.940757   1.649864   1.608665   1.320316   2.660390   0.000000   1.597696   1.622449   1.754247   1.345066   1.660722   2.642551
40.460000   2.107173   1.836988   3.305962   1.327090  -0.059993   0.566006   0.796448   3.169140   0.541208   0.815354   0.000000   1.417536   0.662352   1.500353   0.569119  -0.583015
40.470000   0.848419   0.180519   0.828476   2.041730  -0.527982   1.066078   0.415862   0.353329  -0.308920   0.902336   0.000000   0.674348   0.055505   0.534066   0.587515  -0.018587
40.480000   0.121243  -0.092543  -0.127524  -0.006848  -0.154986  -1.395496   0.506497  -1.848554   0.000000   0.459764  -0.228196  -0.193725  -0.050485   1.081811   0.191921  -0.789014
40.490000   2.282589   0.711872   1.826676   3.593382   0.908183   1.450240   1.440955   2.107550   2.059405   3.086195   2.089444   0.000000   1.423234   1.885338   1.316572   1.155734
40.500000   2.279261   0.036744  -0.182945   0.008199   0.126762   0.062691   0.142378   0.857244   0.000000   0.431169   0.530945  -0.066799   1.818178  -0.059470  -0.917513   0.366805
40.510000  -0.829524  -0.855715  -0.816715  -0.657841  -0.289806  -1.666090  -0.581244  -0.262740   0.000000  -0.440438  -0.659528  -0.941826   0.835546  -0.340044  -0.536319  -0.352047
40.520000   1.984645   1.380259   0.450010   0.861937   0.897608   2.132993  -0.500005  -0.535438  -0.128359   0.000000   0.494125   0.446675   0.310276   0.490195   0.878574   1.897501
40.530000   2.361606   0.788078   2.226753   2.147103   1.154984   0.734100   1.303996   1.575558   0.000000   1.240204   1.307677   3.495574   1.089972   0.668178   1.058529   0.805445
40.540000   0.152303   0.393544   0.101220   0.156902   0.856876  -0.322533  -0.018333  -0.222733   0.000000   0.096273  -0.786871  -0.066850   0.692125  -0.561727  -0.072351   0.073196
40.550000   0.237739   0.152927   0.577565   0.282636   0.721312   0.165654  -0.317852   0.075392   0.151178  -0.189593   0.184423   0.000000   0.098334   0.343393   0.371438  -0.707412
40.560000  -0.325005  -1.170255  -0.419763  -1.372081  -1.078555  -0.996145  -1.258460  -0.098867  -1.218357  -1.629685  -0.963508   0.000000  -1.057593  -1.075583  -0.776877  -1.088339
41.420000  -0.118449   0.113425   0.438631   0.835996   0.964444   0.117730  -0.222259  -0.071578   0.467361  -0.130779  -1.532063  -0.698470  -0.050969  -0.191889   0.000000   0.109817
41.430000  -0.057504  -0.435017   0.150758   0.255380   0.016697  -0.508411   0.059345   0.239917   0.760732  -0.159076  -1.516054   0.372437   0.000000   0.988842  -0.206830  -0.004521
41.440000   1.264053   2.140590   0.218227  -0.381772   0.107231   1.034233   1.875053  -0.066756  -0.286359  -0.093036  -0.577892  -0.054234   2.153745  -0.025362   0.000000   0.260951
41.450000   2.197508   2.911120   1.210512   1.462630   1.201196   2.340823   2.485968   0.628057   1.633731   1.715970   1.318472   2.306152   1.985831   0.000000   0.361700   1.472953
41.460000   0.725538  -0.125876  -0.705402  -0.624726   0.149543  -0.269287   1.416937  -0.101508  -0.232350   0.252909   0.524587   0.274867  -0.163785   1.308327   0.000000  -0.482566
41.470000   1.207667   1.762890   1.422301   1.270970   1.035998   2.412346   1.934138   2.051188   0.578654   1.974273   0.976931   1.700717  -1.655677   0.533151   0.000000   1.387262
41.480000   0.334973  -0.554970   0.700860  -0.195815   0.283782   0.638291   0.487277   0.473043   0.029718   0.488625  -0.465246  -0.690324   0.000000   0.966062   0.242138   0.836483
41.490000   0.149750   1.466670   0.131874   0.145212   0.112070  -0.765096  -1.428498  -0.028830  -0.466062   0.332749   1.547371  -0.621054  -0.473912   0.040380   0.772667   0.000000
41.500000  -1.057033  -0.631989  -0.641735  -0.382102   0.335779  -1.417282   0.790027   0.049280  -0.009822  -0.490616  -1.114177  -0.348873   0.000000  -2.674845   0.649184  -1.122785
41.510000   0.706329   2.207021   1.399392   1.714330   3.264579   1.721082   0.868321   1.866514   1.276179   1.489680   1.973761   1.354945   0.000000   1.598578   1.221955   1.320356
41.520000   1.689303   2.566613   1.895819  -1.365343   1.148533   1.282008   1.783834   1.353237   1.655163   1.131060   1.247026   1.632019   0.865767   0.000000   1.143185   2.469684
41.530000   0.174797  -0.021649   0.286504  -1.422025  -1.338689   0.012941   0.964698   0.658264   0.814973   0.172255  -0.698238  -0.803758   0.000000   1.966276  -0.216914   1.528451
41.540000  -0.014408   0.292016  -0.004273   0.006990  -0.637467  -0.264069  -2.565716   0.185401   0.621319  -1.153274   0.364358   0.943684   0.000000  -0.067547   1.353595  -0.694388
41.550000   0.423230  -0.507734  -0.185729  -0.486276  -0.981264  -0.371188   0.839033   0.686740   0.046778  -0.584796  -0.584331  -1.840278  -0.770065  -0.070201  -1.501455   0.000000
41.560000  -0.529103  -0.327166  -0.400232  -0.102615   0.069976  -0.184638  -1.344569  -2.241522  -0.444774  -1.283634  -0.885115  -0.295370  -0.175522  -0.476315  -0.340748   0.000000
42.430000   0.849756  -0.145982  -0.272063  -1.856658   1.899135  -0.683148   0.234480   0.294095   0.000000   0.972423   1.310258   0.176618  -0.377210  -0.994907   0.312390   0.844448
42.440000  -0.603649   0.169036   1.194167   1.039114   0.937651   0.144897   0.551876  -0.784097   1.112167  -0.043327   0.000000  -0.148393  -0.530798  -0.143108   2.192102   0.528174
42.450000   0.899800   0.470292   1.461875  -0.253604   0.730897   0.297154   1.119239   0.479614   0.965023   0.000000  -3.816571  -0.070455   0.505374  -0.178938   0.746205   0.626510
42.460000  -0.021945   0.409883   0.079108  -0.812115   0.182755   1.553930  -0.274393   0.021339   0.103943  -1.876754   0.000000  -0.202985   1.062796   0.640021   0.919861   0.258791
42.470000  -0.357359  -0.514265  -1.421279  -0.182193   1.176047  -0.410664  -0.435796   0.209322  -2.884439  -0.452498   0.000000  -0.604561  -1.136231   0.256846  -0.468900  -0.334267
42.480000   0.040293  -0.504922   0.763336  -1.609706   0.390880  -0.230404   0.260445  -0.900307   0.000000   0.701075  -1.530493  -0.032633  -0.588080  -0.432848  -0.165570   0.208963
42.490000   0.069949   0.269313   1.650582   0.472282   0.738031   1.254745   0.571404   1.048863  -1.106030   0.095885   0.124523   0.000000   2.015983   0.176587  -1.421524   0.268181
42.500000  -0.068692  -0.183913  -0.269239   0.103864  -0.099050  -0.300452  -0.585908  -0.152766   0.000000  -0.532855  -0.530736  -0.099012   2.604655  -0.313318   0.535696   0.040564
42.510000   1.290025   0.289113  -0.070083   0.434298   0.484147   2.303249  -1.499842  -0.010240   0.000000  -0.451100  -0.030449  -0.595523  -0.052767   0.619984   0.034826   2.848079
42.520000   0.044017   0.552156   0.843840   0.386568   1.629894   0.825000   1.600746  -0.110446   0.918553   0.000000   0.717872   0.781726   0.494667   0.583091   1.033612   0.175557
42.530000  -0.532422  -0.039841   0.393908  -0.278931   1.160064   1.229839   0.354386   0.663927   0.000000   0.336355   0.313968   0.555945   0.292148   0.473488   1.020539   0.881760
42.540000   2.271994  -0.091971   0.689910  -1.352868   0.402218   0.093544   0.074978   0.146241   0.000000   1.278171   0.164292   0.148459  -0.709464  -0.481703  -1.446291   0.256254
42.550000   1.424134   3.234035   1.387210   1.336756   1.218719   1.689404   1.259401   0.240612   1.228450   1.054850   1.466287   0.000000   2.516703   1.224080   0.626461   1.328346
42.560000   0.703110  -0.122633  -0.096224   0.514323   0.237387  -0.236682  -0.548738   0.269258   0.067077  -0.200048   0.694066   0.000000   0.255525   0.862697  -0.369884   1.289974
43.440000   0.012084   0.441391   0.000000   0.267890   0.639492   0.200223   0.585632   0.401196  -0.149998   0.483829   0.576398   1.623122   0.835391   1.004444   3.189125   0.572429
43.450000   0.888317   0.000000   0.384353   0.466579  -1.075371  -1.007254  -1.189749   0.473420   1.755484   1.218080   1.690645   2.190354   0.304314   0.730570   1.085237   1.220638
43.460000  -0.086853  -0.885438   0.000000  -0.713793  -0.287270  -0.101626   0.024455   0.110145   0.392061   1.580388   0.090449   0.440007   0.021890   0.169452   0.261846   0.095044
43.470000   0.485905  -0.116875   0.000000  -0.472553   0.232864   0.538829   0.663372   0.262727  -1.010473   0.041338  -0.492585   0.397929   0.234211   0.014867   0.457562  -0.489775
43.480000   0.000000   1.889693  -0.660621   0.022322   0.648940   1.060712   1.024453   0.375034   0.052405   0.756799   0.627620   0.847401   1.604757   0.745995   0.772583   1.141922
43.490000   0.323590  -0.058776  -0.076372   0.000000  -0.287216   0.252304   1.041209  -0.645679  -0.206028   0.331920   0.033999  -0.674790   0.436344   1.090725   0.005192  -0.635576
43.500000   0.000000   1.388381  -1.515671  -0.472769  -0.502345  -0.621313  -0.748685  -0.763925   0.172631  -0.269208  -0.034528   0.733315  -0.652877  -0.605549  -0.475554   0.273392
43.510000   0.000000  -0.286363  -0.062504   0.213433   1.426648  -0.880797  -0.219719  -0.355511   0.812237  -0.495182  -0.284330  -0.067826   0.446231  -0.219244   0.460329  -0.386725
43.520000  -1.228271   0.000000   0.426289  -1.197721  -1.740168  -1.493301  -0.171093  -1.621842  -0.589175  -0.494695  -1.627627   0.840051  -0.865782  -0.888486  -1.593330  -0.653577
43.530000   0.000000  -0.490215  -0.947733  -1.158259  -0.290105  -0.602735   0.581353  -1.566985  -0.221872  -0.206748  -0.956508  -0.541126  -0.469423  -1.410223  -0.372264   0.510553
43.540000   0.000000   1.620228  -0.126681   0.885363   0.115410  -1.553303   0.034523   0.146082  -0.080077  -0.082627   0.214526   0.260040   0.405957   0.441337  -1.587063  -0.873029
43.550000   0.889069   1.614211   0.960878   0.000000   1.083982   0.520382   1.615299   0.626711   0.220588   1.271596   0.383150   0.496587  -0.287358   1.352540   1.066393   0.793047
43.560000   1.543614   1.612543   1.369283   0.000000   1.723350   1.261191   1.612068   1.503270   0.772004   1.605407   1.185548   1.420291   1.661393   1.619238   2.231857   1.694503
44.450000   0.049411  -0.047656   1.702885   0.110131   0.170868   0.634434   0.085217   0.145423   0.263090   0.000000  -0.899217   0.198784  -0.188871   0.911283  -0.455225   0.254744
44.460000  -0.606894   1.223554   0.731125   0.464947  -0.301609  -0.285872   1.261432  -0.337377  -0.238533  -0.347485   0.000000  -0.397732  -0.272007   0.053923  -0.470930   0.137779
44.470000   1.587675   0.363477   0.877009  -0.241281   0.697483   0.405226  -1.508999   0.683330  -0.093944   0.294114   0.000000   0.725408   0.960353  -0.353309  -0.030225  -0.983905
44.480000   0.798190  -0.187364   0.409221  -0.267146  -0.796144   0.147982   0.005205  -0.227082   0.000000  -0.448929  -0.199291   0.084517   0.054549   0.757565  -0.299295   0.013164
44.490000   1.073286   0.996008   0.914924   0.805433   1.418319   0.982236   0.938137  -0.590832   1.891325  -1.152612   0.981521   0.000000   1.018099   0.927053   0.996661   4.733409
44.500000   0.743928   0.277777   0.864469   0.504507   0.057888   0.481230   0.852135   0.427316   0.000000  -0.517689  -0.036653   0.150614   0.364191   0.406597  -1.499208   0.254717
44.510000  -0.975401   0.057770   1.494744   0.210630   0.694278   0.254695   0.397387   2.056450   0.000000   0.339121  -0.457206   0.333860   0.274147   1.310530   0.081264   1.772066
44.520000   1.597823  -0.005363   0.967504  -0.126112   0.002702   0.400965  -1.611076   0.181591   0.259477   0.000000   0.298829   0.003203  -0.554367   1.149138  -0.820809   0.439330
44.530000  -0.596861   0.132882  -0.008879   0.164352  -1.856691  -0.479178  -0.073494   1.229946   0.000000  -1.041256  -0.173583  -0.115094   0.092228   0.116176  -0.285867  -0.943787
44.540000  -0.299019  -0.779884   0.735092  -0.387367  -0.916976  -0.451979  -1.517784  -0.225728   0.000000  -0.279458  -1.032001  -0.215002  -1.074859   0.312193  -0.451931   0.304509
44.550000   1.074101  -0.986588  -1.076043  -0.898606  -0.778941  -0.789084   0.525630  -1.666891  -0.735043  -1.312584  -0.082236   0.000000  -1.748243  -0.716631  -1.173102  -1.685873
44.560000   1.638200   1.347039   1.318702  -0.532313   1.336565   1.348216   0.989798   1.315215   1.374657   2.268499   1.306658   0.000000   1.184373   3.837926   0.474118   1.244232
45.460000   0.052960   1.284712   1.373505  -0.654091   0.087180   0.163096   0.000000   0.190201  -0.599444   0.233515  -0.786712   0.390653   0.825260  -0.065144   0.410015   0.555188
45.470000   1.497562   0.396558   0.541880   0.242976   0.176619   0.241668   0.000000  -0.127473   0.258570   0.355229  -0.450532   0.238790   2.076719   0.408329   0.839627   0.305404
45.480000   0.360317  -0.106803   0.520059  -0.419629   0.000000  -1.096180   0.144659   0.269333   0.329555   0.515746   0.694990  -0.136170   0.603829   0.029547  -1.292741  -0.532453
45.490000   1.364063  -0.465926   1.793769   0.635424   0.854860   1.608933   1.861810   0.000000   2.164015   1.818346  -0.529279   0.731273   1.346185   0.944900   0.861159   0.400598
45.500000   1.775329   1.132113   1.099245   1.162629   0.000000   0.745551  -0.085876   0.118667  -0.238436  -0.005159   0.502934   1.878287   0.600767   0.661241   0.131672  -0.394612
45.510000   0.869233   0.748215  -0.004569   0.040899   0.000000  -0.088071   1.598287  -0.750992   1.150394   1.415069   0.084014  -1.148988   1.463318  -0.341527   2.071774  -0.021000
45.520000   4.289205   4.619581   2.192935   2.420082   2.558513   0.000000   2.233029   3.223104   2.206534   2.693051   2.126394   1.470961   2.059105   3.094761   3.135028   2.173883
45.530000   4.070369   0.506416   1.332636   1.220343   0.000000   0.998184   1.687335   0.891016   0.149005   2.185614   0.825684   1.061611   1.382411   0.754108   1.369278   0.991703
45.540000  -0.278896   0.430042  -0.031945   0.441101   0.000000  -0.888395  -0.865874   1.255611   0.084956   0.251401   0.466321   0.294206   0.745238   0.513046   1.086870  -0.116485
45.550000  -0.068269   0.231504   0.969412   0.911578   0.175040  -1.136781   0.606792   0.000000   0.160204   0.301084   0.483422   0.036673  -0.026972   0.313393   0.644351  -1.706790
45.560000  -0.023554  -0.629596  -0.099186  -1.020862  -2.079118  -2.244460  -0.930740   0.000000  -1.779033  -1.642043  -1.303481  -0.366917  -1.227149  -1.358698  -1.098788   0.071167
46.470000   1.090323  -0.033046  -0.137899   0.265728  -0.265892  -0.214065   0.466634   0.762979  -0.367173  -0.478378   0.000000   0.494022  -0.176315   0.032168  -0.191820   0.616948
46.480000   0.039800   0.149515   0.773903   0.225014  -0.692847   0.132282   0.446020  -0.301979   0.000000   0.201430   0.039268   0.865865  -0.012377  -0.139159   1.382902  -0.237276
46.490000  -0.375368  -0.106900   0.007289   0.785252   0.495509  -0.169861  -0.125710  -0.168085  -0.097671  -0.248069   0.007188   0.000000  -0.974118   1.668517  -0.219891  -0.602949
46.500000  -0.312728  -0.863950   0.067946  -0.208989  -0.176278  -1.121869  -0.585281  -0.772253   0.000000  -0.602550   0.174813   0.113434   0.153797   0.071038  -1.479705  -0.630045
46.510000   2.699936  -0.138325   0.251677  -0.032536   1.248919   0.420555   0.384297   0.394071   0.000000  -0.326616  -0.415045  -0.070645   1.897964  -1.628872  -0.266027   0.612004
46.520000   0.669622  -0.009474  -0.817125   0.537357  -0.115034  -0.637417   1.945623  -0.195998  -0.341499   0.000000   0.575859   0.228174  -0.115631   1.214245  -0.006454   0.592201
46.530000   1.510798   0.027075   0.410630   0.342821   0.741041   0.377542   1.988335   0.011619   0.000000   1.246466   1.580874   0.367671   1.840455   0.028451   0.142223   0.247997
46.540000   1.124089   1.478303   1.147089   0.445495   1.522487   1.235938   1.091198   1.865699   0.000000   1.622573   2.482587   1.214192   3.496928   0.738342   1.099602   0.929893
46.550000  -2.046787  -0.011149  -1.663528   0.101836   0.091340   0.580193  -0.092197   0.386201   0.090574  -0.826230  -0.263823   0.000000   0.138162   0.943502   0.045601  -0.228676
46.560000  -0.962094   0.023115  -0.379796  -0.462489  -0.320702  -0.546128  -1.232915  -0.249741  -1.433972  -0.760031  -2.255931   0.000000   1.068106  -0.208528   0.210792   0.560046
47.480000  -1.072160  -0.953069  -1.573948  -0.021556  -1.032052  -2.217997  -2.123961  -1.319689   0.000000  -1.610656  -2.554602  -1.132846  -0.523529  -2.189232  -1.143119  -1.122292
47.490000  -0.038440  -0.355024   0.520904   1.664274   0.409068   0.078124  -2.274828  -0.622569  -1.557006  -0.245965  -0.865596   0.000000   0.089974   0.210315   0.226273  -0.351461
47.500000   0.069522   0.067481   0.431542   0.846345   2.358234  -0.517392  -1.037994   0.676445   0.000000   0.928803   0.503230   0.024496  -1.041114   0.335033   0.051074   1.212640
47.510000   0.706091   0.726544   0.290421   0.994792  -0.245250   0.611955   0.406866   0.892487   0.000000   0.309360   0.596652   0.396584   0.004794  -0.819045   0.361878   0.949954
47.520000  -0.880271  -1.101676  -2.661992  -0.156662  -2.289664  -1.926347  -1.577327  -2.661697  -1.089914   0.000000  -1.509192  -1.018422  -0.693076  -0.871053  -0.038743  -0.875589
47.530000   1.086049  -2.305389  -0.162182  -0.252066   0.260258  -0.523026  -1.018062   0.386745   0.000000   0.065416   1.558334  -0.755757   0.696836  -0.394907   0.682283  -0.503537
47.540000  -0.107109  -0.094709  -0.080486  -0.280632  -0.164350  -0.011694   0.279884  -0.572033   0.000000  -0.278046   0.494367  -0.379530  -0.302408  -1.189941  -0.684849  -0.305598
47.550000   0.055490   0.312795  -0.051640   0.279812   0.234389  -0.143551  -0.926013  -0.234154   1.594411   0.018697   0.135074   0.000000   0.001072   0.125927   0.714071   1.093528
47.560000   0.207484   0.283816  -1.212863   0.164183   0.783021  -0.374523  -1.162576   0.175891   0.464268   0.053906   0.097933   0.000000  -0.089375  -0.790315   0.429934   0.002568
48.490000   0.595076   0.630624   1.213770   0.000000   0.307278   0.733851   0.851497   0.123609   0.253501   1.080245   0.862282   1.075319   0.432854   1.301453   0.548782   0.543519
48.500000   0.000000   0.269679   1.795244   0.456341   0.584726   2.302272   0.191811   1.101911  -0.825645   0.216694   0.306604   0.274314   0.213565   0.643889   0.293241   1.033250
48.510000   0.000000  -0.987801   0.659919  -0.196931   0.174674  -0.084020   0.047611   0.302399   0.072990   0.377918   0.090496  -0.838026  -0.041093  -0.096155  -0.872025  -0.239229
48.520000   0.353208   0.000000   0.343736  -2.234564  -0.621923   1.379349   0.280545   0.524303   0.335233   0.023848   0.329135   1.331906   0.885075   0.790159  -0.174602   1.215342
48.530000   0.000000   0.075862  -0.468526   0.167030  -0.422796  -0.594460  -0.339681  -1.857740  -0.571810  -0.404387  -0.822904  -0.163375  -0.324906  -1.262630  -0.263629   0.126359
48.540000   0.000000  -0.598533   0.929171   0.438942   0.356606  -0.352807   0.518887   1.728879   0.511309   0.163332   0.305389   0.577888   0.378863   0.672384   0.941377   0.371398
48.550000   1.757380   1.878538   1.962485   0.000000   1.094052   1.308896   0.873931   2.522055   1.438637   2.387965   1.733477   1.656272   1.883103   1.914382   1.578100   1.231289
48.560000  -0.612797  -0.931926   1.205373   0.000000  -1.073520  -0.085230   0.050516  -0.878565  -0.796574  -0.916178  -0.953820  -0.837464  -1.366430  -0.572464  -0.737005  -0.452437
49.500000   0.857332   1.174725   0.420618   0.808294   0.170037   0.362219   0.853579  -1.610271   0.018672   0.694919  -0.235584   0.362616   0.000000  -0.719547   0.134367   0.704274
49.510000   0.255125  -0.677495   0.552992  -0.015959   0.311445   0.344883   0.248347   0.591302  -0.794124  -0.046413   3.011985   0.348062   0.000000   0.391089   1.385199   0.312733
49.520000   1.166587   0.738799   1.115773   1.397351  -0.399366   0.554960   0.756798   1.134676   1.139127   1.164782   1.184850   0.379602   0.552347   0.000000   2.220201   1.251042
49.530000   0.512294  -0.496626   0.211993   0.384941  -0.201656   1.883335   0.768239  -0.120626  -0.156032   1.221558   0.479761  -0.218672   0.000000  -0.651131  -1.145503   0.340119
49.540000   2.684468   1.111436   0.673098   3.115257   1.077197   0.179230  -0.807776   1.139820   0.270428   0.262338   1.399824   0.314126   0.000000   0.116716   0.172523   0.540689
49.550000  -0.742217   1.036136   0.643665   1.772769   1.014399  -1.397724   0.037660  -0.905783  -0.792513  -1.273119  -0.314780  -0.567204   0.099158  -0.039748   0.206479   0.000000
49.560000   0.150328   0.138605   0.143050  -0.428625   0.852474   0.758240   0.989617   0.874825  -2.555218   0.287535   1.314669  -0.920135   0.172288  -0.763672   0.045645   0.000000
50.510000   0.000000   0.568985  -0.790672   0.031561  -0.480331  -2.259361  -0.771604  -0.945495  -0.516699   0.294392  -0.320075  -0.987223   0.372749  -0.214791  -0.668845   0.075880
50.520000   0.226236   0.000000   0.048655   0.220691   0.363137   3.587527   0.413279   0.634927   0.354098  -0.025100  -0.728451  -0.234346  -0.324881   0.184308  -0.227205  -1.043185
50.530000   0.000000  -0.445086   0.997719   0.681937  -0.928624   0.049329  -1.045846   1.062684   0.756514   1.189673   0.307118   0.364896  -0.353452   1.482251  -0.418292   0.798733
50.540000   0.000000  -0.241201   0.543832  -0.096990   0.205947   0.419253   0.849561   0.292895   0.679736  -0.077425   0.345570   0.965185   0.674895   0.424331   0.415888   0.476564
50.550000   0.675346   0.616877  -1.311687   0.000000  -0.030339   0.455221   0.408390   0.755171   0.449729   1.872718   1.210120   0.443794  -0.302541   1.510854   0.716750   0.490013
50.560000  -0.502844  -1.016317  -0.357562   0.000000  -1.302701  -1.121159   0.286428  -0.792031  -1.027689   0.561296  -1.204000   0.560792  -0.503214  -0.483608  -0.568618  -1.330809
51.520000   2.463683   0.000000   1.072043   2.518612   1.889366   0.745335   0.488602   0.705029   0.412483  -0.253975   0.875893   0.396899   0.936126   1.382889   0.939006   1.504608
51.530000   0.000000  -0.249092   0.911446  -0.286070  -0.320725  -0.256749  -0.418128  -0.526463   0.022092  -0.046050   1.553803   0.066242  -0.229281  -0.107300  -0.098828  -0.152191
51.540000   0.000000  -1.183967  -0.104504  -0.181129  -0.834589   0.352428  -0.049909  -0.955507  -0.573682   1.329879  -0.635783  -0.290809   0.298300  -1.124269   0.850333   1.532824
51.550000   1.364337   0.715378   0.149223   0.000000  -0.078157   0.095003   0.831794   0.061825  -0.078188   1.124433   0.111122  -0.018951   1.196201  -0.077960  -0.054012  -0.210190
51.560000   0.402171  -0.328686   1.440200   0.000000   0.321609  -0.271505   0.584657   0.444598   1.117746  -1.206517   0.165788  -0.730521  -0.251997  -0.661595   0.619421  -0.272408
52.530000   0.200797   0.011612   1.217787   0.223728   0.000000  -0.008705   0.133471  -0.153913  -0.103148   1.016208   0.018731  -0.937968  -0.846504  -0.059854  -0.702724   0.067363
52.540000  -1.090182  -1.506766  -1.816311  -1.625190   0.000000  -1.666840  -1.971081  -2.804353  -0.235665  -1.701956  -0.890238  -1.852341  -1.890469  -1.572924  -1.694373  -1.341757
52.550000  -0.209446  -0.745775   1.338694   0.118222  -0.931005  -1.027901   0.002903   0.000000  -0.469107  -0.111369   0.009644  -0.303127  -0.236615  -0.871740   1.578976   0.391512
52.560000  -1.230247  -1.018893  -2.082290   0.311161  -1.235137   0.190354  -1.179667   0.000000  -1.169694  -1.490109  -0.338197  -0.569636  -0.744045  -1.640466  -1.523779  -2.723180
53.540000   0.000000  -0.148165   1.817316  -0.324650  -0.086663   0.738755  -0.103651  -0.137302   0.071222  -0.664902  -0.049566  -1.308307  -0.202450  -0.244906   0.205760  -1.481114
53.550000  -0.735603   1.069038   0.607660   0.000000   0.580756   1.481723   2.362735   2.341428  -0.372754   1.378184   0.707827   0.057486   1.089964   0.835655   0.453970   1.225817
53.560000  -0.240938  -0.959682  -2.502339   0.000000  -0.901004  -0.451117  -1.064526  -0.920315  -0.855694  -0.861078   0.220311  -0.862450  -0.958822  -3.534396  -1.242348  -0.735935
54.550000   0.197994   0.053935   0.784260   0.000000  -0.474594  -0.855912   0.702697   0.219384  -0.193625  -0.030107   0.069062  -0.981394  -1.541003   0.397480   0.426728  -1.673315
54.560000   0.236099  -0.177512   0.517381   0.000000   0.641153   0.954770   0.300661   0.112961   0.400971  -0.483082   0.126460   0.277381   0.446311   0.529851   0.731034   0.310676
55.560000   0.958617   3.239242   1.758244   1.025005   0.930064   1.003538   0.729682   0.535543   1.083962  -0.487589   1.038554   0.845512   0.856371   1.400892   1.191279   0.000000