  pos      val_A      val_C      val_G      val_T
   36  -0.084123  -0.065924  -0.074754   0.224801
   37  -0.009918   0.022190  -0.005657  -0.006615
   38  -0.006834   0.007465   0.031446  -0.032077
   39   0.026490   0.051641   0.019533  -0.097664
   40   0.176755  -0.050373  -0.221278   0.094896
   41   0.036022   0.217378  -0.083200  -0.170199
   42   0.252802   0.072208  -0.355827   0.030816
   43  -0.098079   0.014653   0.055524   0.027901
   44   0.137915  -0.133367  -0.145264   0.140717
   45   0.500457  -0.269201  -0.189575  -0.041681
   46   0.060649  -0.027770  -0.106535   0.073655
   47   0.023353   0.004444  -0.013450  -0.014347
   48  -0.043698   0.069005  -0.056758   0.031451
   49   0.105448  -0.006589  -0.004369  -0.094491
   50  -0.037447  -0.010999  -0.002281   0.050727
   51  -0.042857  -0.023505   0.032853   0.033509
   52   0.028314  -0.089730   0.018691   0.042725
   53  -0.045583  -0.058149   0.062826   0.040905
   54   0.017535  -0.032179   0.013247   0.001397
   55   0.012906   0.035748  -0.014726  -0.033927
   56   0.011759  -0.023999  -0.026874   0.039114
