  pos      val_A      val_C      val_G      val_T
   36  -0.072106  -0.051082  -0.071088   0.194275
   37  -0.010424   0.027176  -0.001564  -0.015188
   38  -0.019086   0.047690   0.004519  -0.033123
   39   0.006553   0.093538   0.008998  -0.109089
   40   0.152881   0.023166  -0.262900   0.086853
   41   0.000259   0.190290  -0.037162  -0.153388
   42   0.203434   0.077354  -0.406399   0.125611
   43  -0.123073   0.020786   0.038683   0.063604
   44   0.049349  -0.117272  -0.151144   0.219067
   45   0.417491  -0.303466  -0.212536   0.098511
   46   0.045974  -0.031160  -0.141928   0.127114
   47   0.031368   0.007195  -0.035605  -0.002958
   48  -0.044645   0.041746  -0.058393   0.061292
   49   0.082508   0.000706   0.016791  -0.100006
   50  -0.038458  -0.011813  -0.001891   0.052162
   51  -0.044408  -0.015355   0.031654   0.028109
   52   0.016360  -0.098056   0.044686   0.037010
   53  -0.068137  -0.018717   0.047459   0.039395
   54   0.009090  -0.022408   0.021330  -0.008012
   55   0.005396   0.024537  -0.022923  -0.007010
   56  -0.006172  -0.014693  -0.016046   0.036911
