  pos      val_A      val_C      val_G      val_T
    0  -0.121298  -0.000735  -0.003607   0.125640
    1  -0.020187  -0.062305   0.002951   0.079541
    2  -0.129116  -0.185818   0.229130   0.085804
    3   0.014391  -0.117944   0.236541  -0.132988
    4  -0.114306   0.117412  -0.026096   0.022989
    5   0.134019  -0.092516  -0.053268   0.011765
    6   0.048137  -0.016018  -0.061023   0.028904
    7   0.010501  -0.051751   0.009695   0.031555
    8   0.007390  -0.020562  -0.012301   0.025473
    9   0.003903  -0.015481  -0.018111   0.029690
   10  -0.004774  -0.010323  -0.010093   0.025190
   11  -0.010727   0.006199  -0.005001   0.009529
   12   0.027661  -0.003860  -0.003631  -0.020169
   13  -0.012243   0.009556   0.009636  -0.006949
   14   0.010798  -0.013460  -0.008991   0.011653
   15   0.001247  -0.013028  -0.005410   0.017191
   16   0.012116  -0.004237  -0.007535  -0.000343
   17   0.010404  -0.016394   0.008347  -0.002356
   18  -0.002489   0.039315  -0.046783   0.009958
   19  -0.032947  -0.032675  -0.029961   0.095583
   20   0.074260  -0.033598   0.036998  -0.077660
   21   0.027402  -0.058547   0.046840  -0.015696
   22   0.003987  -0.121874   0.121947  -0.004060
   23  -0.067252   0.077134   0.001657  -0.011538
   24  -0.183506   0.046005  -0.165718   0.303219
   25   0.364029  -0.182144  -0.037775  -0.144110
   26  -0.047669  -0.038127  -0.070743   0.156539
   27   0.151724  -0.069699  -0.055054  -0.026971
   28   0.118716   0.066388  -0.093118  -0.091987
   29  -0.036181  -0.145639  -0.139520   0.321341
   30   0.062956  -0.039162   0.025758  -0.049553
   31   0.015078  -0.036526   0.002950   0.018497
   32   0.021687  -0.007524  -0.006889  -0.007275
   33  -0.005813  -0.012118  -0.012613   0.030544
   34   0.027710  -0.043208  -0.004249   0.019747
   35   0.024103  -0.042934  -0.003687   0.022518
