  pos      val_A      val_C      val_G      val_T
   36  -0.090589  -0.072690  -0.087521   0.250799
   37  -0.010838   0.024342  -0.005016  -0.008488
   38  -0.005357   0.011533   0.030691  -0.036867
   39   0.018893   0.065451   0.013541  -0.097886
   40   0.196827  -0.011748  -0.189332   0.004254
   41   0.051292   0.170119  -0.065615  -0.155796
   42   0.168104   0.122596  -0.351623   0.060923
   43  -0.095811   0.025679   0.050400   0.019732
   44   0.160139  -0.163623  -0.170826   0.174309
   45   0.518072  -0.268294  -0.186657  -0.063121
   46   0.059583  -0.020247  -0.101883   0.062548
   47   0.022472  -0.003074  -0.006651  -0.012748
   48  -0.037033   0.052778  -0.052429   0.036683
   49   0.119176  -0.006199  -0.014188  -0.098789
   50  -0.035711  -0.006788  -0.004002   0.046501
   51  -0.042962  -0.020583   0.031462   0.032083
   52   0.029625  -0.094386   0.016710   0.048052
   53  -0.052174  -0.043555   0.062727   0.033002
   54   0.015943  -0.030940   0.010553   0.004443
   55   0.009925   0.038570  -0.017695  -0.030800
   56   0.005905  -0.023242  -0.026465   0.043802
