  pos      val_A      val_C      val_G      val_T
   36  -0.093107  -0.081958  -0.089861   0.264926
   37  -0.011032   0.024554  -0.004702  -0.008820
   38  -0.004104   0.004086   0.032041  -0.032023
   39   0.003318   0.102682   0.005877  -0.111877
   40   0.170529  -0.016400  -0.208397   0.054269
   41   0.036595   0.208355  -0.080256  -0.164693
   42   0.152308   0.136701  -0.374499   0.085489
   43  -0.089546   0.019770   0.048096   0.021680
   44   0.099484  -0.146048  -0.156942   0.203506
   45   0.480766  -0.269022  -0.190415  -0.021328
   46   0.044058  -0.043580  -0.120626   0.120148
   47   0.020714   0.001259  -0.010531  -0.011443
   48  -0.034507   0.050309  -0.049983   0.034181
   49   0.077323  -0.001066   0.007196  -0.083453
   50  -0.035013  -0.000720  -0.010527   0.046260
   51  -0.042425  -0.023021   0.032832   0.032614
   52   0.029199  -0.091005   0.016393   0.045413
   53  -0.051403  -0.034904   0.055137   0.031170
   54   0.012857  -0.021059   0.009228  -0.001026
   55   0.014827   0.033327  -0.015808  -0.032346
   56   0.002495  -0.023371  -0.026224   0.047099
