  pos      val_A      val_C      val_G      val_T
   36  -0.046892   0.000056  -0.039371   0.086207
   37  -0.031302   0.071487  -0.011772  -0.028413
   38  -0.000815   0.024170   0.024655  -0.048009
   39   0.015185   0.077201   0.030754  -0.123140
   40   0.190068   0.033564  -0.293051   0.069419
   41   0.046287   0.153694  -0.017615  -0.182367
   42   0.098796   0.140510  -0.326078   0.086771
   43  -0.183253   0.046025   0.088005   0.049224
   44   0.119265  -0.104992  -0.171403   0.157130
   45   0.458285  -0.302584  -0.183135   0.027434
   46   0.070703  -0.016738  -0.194177   0.140212
   47   0.024154  -0.010496  -0.041834   0.028176
   48  -0.057306   0.051412  -0.084673   0.090567
   49   0.069722   0.026679   0.022306  -0.118708
   50  -0.045665  -0.016104  -0.002646   0.064415
   51  -0.053257  -0.022514   0.035551   0.040220
   52   0.026821  -0.115420   0.031395   0.057204
   53  -0.070044  -0.035936   0.067610   0.038370
   54   0.001247  -0.028527   0.025755   0.001525
   55   0.040806   0.043986  -0.024283  -0.060508
   56   0.007130  -0.052407   0.007844   0.037433
