  pos      val_A      val_C      val_G      val_T
   36  -0.052490   0.014261  -0.044306   0.082535
   37  -0.027421   0.068376  -0.017565  -0.023390
   38  -0.008156   0.022185   0.026617  -0.040646
   39   0.015747   0.079824   0.023163  -0.118734
   40   0.180067   0.063509  -0.311965   0.068388
   41   0.032575   0.163836  -0.016169  -0.180242
   42   0.139579   0.107430  -0.342830   0.095820
   43  -0.178810   0.056166   0.065118   0.057525
   44   0.125250  -0.132777  -0.206023   0.213549
   45   0.384103  -0.291653  -0.155712   0.063261
   46   0.046919  -0.018899  -0.192693   0.164673
   47   0.024083  -0.003273  -0.036874   0.016064
   48  -0.070950   0.054637  -0.078563   0.094876
   49   0.101458   0.013807   0.010952  -0.126217
   50  -0.045150  -0.007638  -0.006922   0.059710
   51  -0.058241  -0.026231   0.041916   0.042555
   52   0.047658  -0.117666   0.019385   0.050624
   53  -0.074637  -0.037208   0.063319   0.048527
   54  -0.001616  -0.027238   0.027905   0.000950
   55   0.015708   0.048699  -0.018462  -0.045945
   56   0.010037  -0.056432   0.006249   0.040146
