  pos      val_A      val_C      val_G      val_T
    0  -0.118397  -0.008684  -0.006525   0.133606
    1  -0.055345  -0.030889  -0.001333   0.087567
    2  -0.144756  -0.176683   0.242011   0.079428
    3   0.009417  -0.113542   0.244516  -0.140391
    4  -0.104973   0.138689  -0.047910   0.014194
    5   0.120268  -0.080507  -0.058728   0.018966
    6   0.048351  -0.026492  -0.047995   0.026137
    7   0.033698  -0.034916  -0.035666   0.036884
    8  -0.003348  -0.018192  -0.008258   0.029798
    9  -0.004605  -0.012463  -0.003866   0.020934
   10  -0.003068  -0.008084  -0.004877   0.016029
   11  -0.029313   0.020331  -0.014559   0.023541
   12   0.025141   0.006211   0.026951  -0.058303
   13  -0.007964   0.009995   0.011492  -0.013522
   14   0.006570  -0.017089  -0.005578   0.016097
   15   0.005785  -0.017990  -0.005554   0.017759
   16  -0.003266  -0.000676  -0.006458   0.010401
   17   0.008969  -0.011021   0.001428   0.000625
   18   0.009956  -0.018356  -0.020488   0.028888
   19  -0.032244  -0.014713  -0.008309   0.055266
   20   0.063058  -0.036457   0.040269  -0.066870
   21  -0.000555  -0.040964   0.064143  -0.022624
   22  -0.007245  -0.118917   0.119687   0.006476
   23  -0.037189   0.025845   0.017485  -0.006141
   24  -0.188550   0.040694  -0.143700   0.291557
   25   0.420354  -0.170079  -0.162991  -0.087285
   26  -0.039041  -0.017094  -0.074743   0.130878
   27   0.144855  -0.067696  -0.053324  -0.023835
   28   0.106289   0.077364  -0.083845  -0.099808
   29  -0.087130  -0.079155  -0.141737   0.308022
   30   0.048972  -0.026719   0.032582  -0.054835
   31   0.023404  -0.039438   0.000084   0.015950
   32   0.010937  -0.003303   0.008251  -0.015885
   33  -0.007161  -0.006277  -0.004329   0.017767
   34   0.016071  -0.023423  -0.009229   0.016581
   35   0.022520  -0.028399  -0.002232   0.008111
