  pos      val_A      val_C      val_G      val_T
    0  -0.118552  -0.009577  -0.003456   0.131585
    1  -0.055179  -0.034324  -0.000101   0.089605
    2  -0.155244  -0.174403   0.253645   0.076002
    3   0.009506  -0.108928   0.244079  -0.144656
    4  -0.110729   0.139943  -0.051037   0.021823
    5   0.122336  -0.077258  -0.063140   0.018062
    6   0.044342  -0.029043  -0.048965   0.033666
    7   0.030025  -0.033040  -0.031821   0.034836
    8  -0.003528  -0.018882  -0.007403   0.029812
    9  -0.005464  -0.006276  -0.007135   0.018875
   10  -0.001268  -0.013488   0.000522   0.014234
   11  -0.016189   0.008824  -0.017932   0.025297
   12   0.018014   0.012893   0.024880  -0.055787
   13  -0.010783   0.010226   0.010269  -0.009712
   14   0.011213  -0.020268  -0.005609   0.014664
   15   0.003227  -0.015510  -0.004290   0.016574
   16  -0.003145  -0.003695  -0.005078   0.011918
   17   0.019288  -0.012458  -0.002069  -0.004761
   18   0.023221  -0.023367  -0.021683   0.021829
   19  -0.027209  -0.013566  -0.010041   0.050817
   20   0.066724  -0.036331   0.044261  -0.074653
   21  -0.001062  -0.048635   0.070404  -0.020708
   22  -0.005574  -0.121111   0.125276   0.001409
   23  -0.044993   0.034824   0.015781  -0.005613
   24  -0.158469   0.030276  -0.165600   0.293792
   25   0.405808  -0.112249  -0.169131  -0.124428
   26  -0.043648  -0.023148  -0.070948   0.137744
   27   0.145334  -0.061693  -0.062885  -0.020756
   28   0.108635   0.086960  -0.091394  -0.104201
   29  -0.091145  -0.099046  -0.119029   0.309219
   30   0.055545  -0.039725   0.034533  -0.050352
   31   0.013311  -0.041110   0.010029   0.017770
   32   0.021600  -0.005670   0.005871  -0.021801
   33  -0.012683  -0.001150  -0.002113   0.015946
   34   0.008593  -0.015999  -0.009294   0.016700
   35   0.019732  -0.031263   0.001835   0.009696
