  pos      val_A      val_C      val_G      val_T
   36  -0.032620  -0.032183  -0.034835   0.099638
   37  -0.030084   0.090788  -0.031209  -0.029495
   38  -0.020193   0.017077   0.044407  -0.041290
   39   0.027298   0.052723   0.050379  -0.130401
   40   0.177938   0.067021  -0.312996   0.068037
   41   0.048925   0.143297  -0.010787  -0.181435
   42   0.090606   0.082382  -0.273808   0.100819
   43  -0.215512   0.090457   0.067751   0.057304
   44   0.071448  -0.081722  -0.155384   0.165657
   45   0.419905  -0.331244  -0.153377   0.064716
   46   0.051769  -0.004529  -0.234209   0.186969
   47   0.043562  -0.004820  -0.007872  -0.030871
   48  -0.065756   0.048076  -0.083651   0.101331
   49   0.091933   0.027382   0.008486  -0.127801
   50  -0.052639  -0.021981  -0.005786   0.080406
   51  -0.072708  -0.026549   0.049179   0.050078
   52   0.027536  -0.123367   0.036761   0.059070
   53  -0.068545  -0.059107   0.061180   0.066471
   54   0.000296  -0.014096   0.015155  -0.001356
   55   0.014507   0.048113  -0.009269  -0.053351
   56   0.018700  -0.052452  -0.009703   0.043455
