pos        val_AA     val_AC     val_AG     val_AT     val_CA     val_CC     val_CG     val_CT     val_GA     val_GC     val_GG     val_GT     val_TA     val_TC     val_TG     val_TT   
36.370000   0.000000   2.272468   2.443497   2.676221   2.487661   2.238978   3.832697   1.457159   1.798906   2.730154   3.425585   3.132510   4.807740   3.046250   1.574497   1.129842
36.380000   0.331257   0.671886   2.057632   0.000000   0.710888   0.189754   0.461757   0.177708  -0.815196  -0.038970   0.371137   0.253118   0.013502   0.000843   1.616385   2.598720
36.390000   0.195309   0.055540   0.444047   0.000000  -0.109696  -0.187721  -1.104238   0.156278   0.050911  -0.064750  -1.194302  -0.617193  -0.518327   0.286098   0.292329  -0.490847
36.400000  -1.050600  -0.246796   0.000000  -2.185561  -1.015718  -1.051465  -0.683082  -0.396302  -1.181775  -0.953862  -1.004960  -1.165203  -0.887860  -0.894006  -0.006044  -1.162781
36.410000  -0.165511  -0.510517   0.275431   0.000000  -0.276166   0.430730  -0.041688   0.253077   0.627804  -0.200612   0.109934  -0.174237  -0.407486  -0.528554   0.313505  -0.353060
36.420000   0.727977   1.218369   0.000000   0.738362   0.363664   0.214888   0.640333   0.480825   0.432063   0.817972   0.551881   0.943298   2.127998   0.988361   0.468250   0.866715
36.430000   0.000000   0.295296   1.421187   0.112211   0.141091  -0.607832   0.760855   0.395323   0.148246   0.034710   0.585692   1.289020  -0.211323   1.682519   1.530758   0.302672
36.440000   0.452397   0.159268   0.000000   1.201881  -0.551740   0.405697   0.112718   0.269275   0.446276   2.162277   0.530620  -0.024699   0.241390   0.341080   0.344978   1.462872
36.450000   1.733703   0.000000  -0.300910  -0.015341   0.125760   0.116841   0.065178  -0.052955   0.428510   0.139198   0.723620  -0.018143   0.444058   0.811026   0.014146   1.597439
36.460000   0.179483   0.226197   0.000000   0.648362   0.876403  -0.126644   0.339721  -2.570940   0.219244   0.015134   0.066293  -0.156783   0.132907   0.251301   0.637685   0.674155
36.470000   0.250145   1.240221   0.000000   0.170845  -0.798483   0.089962   0.487270   2.709264   0.439484   0.233923   0.509433   0.763025   0.760675   1.798484   2.522804  -0.255636
36.480000   0.000000   2.371057   1.536270   1.174704   1.909240   1.618664   2.488775   0.412298   2.769683   3.039804   0.989446   1.869468   1.309353   1.516346   1.692681   1.145232
36.490000   0.041925  -0.166781  -0.039868   0.000000  -0.069756  -0.567074  -0.324496  -0.709096   1.233479  -0.070196  -0.218381  -0.715162  -1.156312  -2.300646  -0.460290   0.200468
36.500000   0.000000  -0.053712  -0.096836  -0.929452  -0.711295  -0.166192  -0.154488  -0.276123   1.127584   0.188426   0.363282  -0.323938  -0.173403   0.263030   0.032195  -0.293069
36.510000   0.000000  -0.845015   0.148624   1.003594  -0.265645  -0.063767   1.152950  -1.097042   0.154793   1.552822  -0.332073   0.031287   0.162169  -1.245956  -0.200018  -0.054715
36.520000  -0.616590   0.000000  -0.382180  -0.757298   0.299257  -0.308717  -0.165011  -0.559430  -1.581173  -0.855537  -1.018323  -1.808631  -0.014187  -0.780671   0.555589  -0.389726
36.530000   0.000000  -1.268949  -0.094908  -1.442179  -0.164420  -0.039553  -0.146373  -0.051150  -0.661952  -0.577542  -0.094034  -0.156760   0.287525   0.777323   0.221943  -0.040517
36.540000   0.000000  -0.102562  -1.173021   0.002206  -0.367683  -1.171165  -0.225039   0.909670  -0.173081   0.511024  -0.047896   0.084461  -0.035774  -2.432169   0.667699  -0.200550
36.550000   0.315832   1.259145   0.311881   0.000000   0.755660   1.865587   0.606712   0.929324   0.643674   1.202221   0.681679  -1.343453   0.873748   0.779392   2.047371   0.620999
36.560000  -1.538065  -0.766333  -0.924952   0.000000  -0.528020  -2.821337  -0.848538   0.217360  -0.796183   0.274013   0.073439  -0.891809  -0.925415  -0.846692  -0.986847  -1.014034
37.380000   0.266968  -0.244301  -0.014868   0.000000  -0.217811   0.989102  -0.874933  -0.229640  -0.245520  -0.613821   1.021528  -0.373776   0.274213   0.022382   1.387116  -0.029970
37.390000  -0.449353  -0.866991   0.589578   0.000000  -0.471425  -0.780743   0.052639  -0.871726  -0.368459  -0.415975  -0.239367  -0.572855  -0.450073  -0.385397   0.091546  -0.561451
37.400000   0.013780   0.041760   0.000000   0.093811   0.936906   0.618186  -0.081942   0.771485   0.555968  -0.079737   0.365018  -0.224550   1.905671  -0.217981   0.110453  -0.897174
37.410000  -0.801943   1.471816   1.333148   0.000000   1.460162   2.560075   0.909428   1.802387   1.714784   1.150069   3.511448   0.786742   1.022920   1.296240   2.518046   0.607642
37.420000   0.548941   0.401007   0.000000   0.289792   0.822750   0.444953   1.588970   0.459327   0.494870   0.427127  -0.411307  -0.678563  -0.047127  -0.436203  -0.236448   0.129471
37.430000   0.000000  -0.073372   0.186132  -0.406109  -1.108093  -0.125920  -0.094282   0.050376  -0.027242  -0.504180  -0.906897  -0.384954  -0.118463   0.118936   0.068037  -0.906605
37.440000   0.424070   0.583877   0.000000   0.797612   0.066780   0.114631   0.983430  -0.586618  -0.944024   0.505653   0.143691  -0.305391   0.614640   0.286280   0.126243   0.950242
37.450000   1.441808   0.000000   0.343655  -0.044078  -0.962833  -0.206336   0.350105  -0.261305   0.022935  -1.082720   0.142746  -1.656336  -0.291062  -0.210855   0.036979  -0.163940
37.460000  -0.159827   0.806753   0.000000   1.449768  -0.862821   0.122422   0.287230  -0.073818  -0.863188  -0.020612  -0.117711   0.077700  -0.336463   0.532369  -0.018450   0.018044
37.470000   1.790851  -0.776380   0.000000   0.093265   0.214543   1.072703   0.187244   0.399625   0.338251   0.500243   0.854484  -0.455665   0.486384   0.676580  -0.400169   0.001263
37.480000   0.000000  -0.641055  -0.506287  -0.201458  -0.002928  -0.473237  -0.344368  -0.271254   0.998929   0.120839  -0.029458  -0.196011  -0.822163   0.841305  -0.397423  -0.365767
37.490000  -0.665002  -1.699199  -2.173012   0.000000  -1.605540  -2.716107  -3.454194  -1.038993  -2.288367  -1.812372  -2.198560  -1.201415  -1.816325  -2.342925  -1.797060  -1.361292
37.500000   0.000000  -0.965893   0.090707  -0.294874   1.035476  -0.748046  -0.256097  -0.871952  -0.369209  -0.016203   0.875645  -0.701348  -0.646372   0.041362  -0.460877   0.627308
37.510000   0.000000   0.521862   0.236076   0.464067   0.559805  -0.567907   0.037886   0.316415   0.644656   0.749644   0.201180  -0.888460  -0.915242  -0.149412  -0.060478  -0.077220
37.520000   1.204114   0.000000   0.833171   1.255150   1.906552   1.535934   0.863443   1.273597   1.233310   1.254568   0.579027   1.979453   1.684085   1.261059   0.811998   2.031007
37.530000   0.000000  -0.176140   0.248442   0.301598   0.300703  -0.267542   1.273356   1.290283   0.672233  -0.042044  -0.104144   0.129399   0.398777   0.214520   0.506046  -1.010289
37.540000   0.000000  -1.208942  -0.143372  -0.092439  -1.757229  -1.269082   1.359534  -0.361063  -0.605600   1.806687  -0.878567  -0.352186  -1.905439  -0.693119  -0.645534  -0.625817
37.550000  -0.129405   0.191119   0.217376   0.000000   0.552202   0.375189   0.430979   2.247463  -0.129332  -0.011671   0.127628   1.652182   0.841075   0.488147   0.745578   1.113361
37.560000   0.095077  -0.629866   0.489296   0.000000   1.446191   0.111207  -1.229305   0.187831   0.440126  -0.199710  -0.068428  -0.583442  -0.214697   0.889773   0.932842   0.683528
38.390000  -0.046615   0.040736   0.038274   0.140312  -0.398350  -1.130423  -0.011081   0.047029   1.228112  -0.586015   0.135667   0.494855  -0.133514  -0.337575  -0.103842   0.000000
38.400000   1.525841   1.085303   1.296028   1.450135   1.174757   1.093573   2.312801   1.291956   1.438250   0.730185   1.354466   0.459578   1.232005   1.456095   0.000000   1.620532
38.410000   0.510071   0.039980  -0.491375  -1.466157   1.645390   0.594279   0.410126   0.447426   1.255802   0.228558  -0.008518   0.314827  -1.475981  -0.161876   0.636969   0.000000
38.420000  -0.831958  -0.694010  -0.444598  -1.200088  -0.365866  -1.115400  -0.419118  -0.321178  -0.506349  -0.259535  -0.459285   0.517526  -0.448905  -0.609641   0.000000   1.593378
38.430000   0.790203   0.588021   0.350873   0.535585  -0.821900   1.538800   0.293849   1.511482   0.238686   1.697396   1.993100   0.440864   0.000000   0.074185   0.635769   0.674231
38.440000   0.568060   0.813313   0.197868   1.607728   1.242849   0.783919   1.063780   0.773949  -0.533061   1.090091   0.861910   1.069408   1.183959   1.256469   0.000000   0.405360
38.450000   0.465996  -0.955676  -0.052427  -1.650378  -0.048136  -0.855474  -0.420986  -0.072566   1.422893  -0.060617  -0.175605  -0.637237   0.325011   0.000000  -0.700683  -0.125884
38.460000   0.066955  -0.276327   0.037106   1.231811   0.169304   0.733442  -0.123515   0.027907   0.275520   0.103237   0.144605   0.362789   0.317429   1.975989   0.000000   1.142789
38.470000   0.478185   0.495772   0.870536   0.386067   0.232767   0.630510   0.402303   0.488288   0.519283   0.741070   0.409464   1.553504   0.508832   0.572760   0.000000  -0.497426
38.480000  -0.437547   0.413246   0.047258   0.065001  -0.445242   0.302115   0.255931  -1.776570   0.269082   0.320532   0.177094   0.221631   0.000000   0.349439   0.321696   0.350730
38.490000   1.436554   0.065302  -0.470075   0.184659  -0.100417   0.051069   0.034663   0.588637   0.100977   0.122345   0.879399  -0.042956   0.118278   0.395125  -1.096916   0.000000
38.500000  -0.232707   0.247814   0.700074  -0.325540  -0.494750  -0.378968  -0.519625  -0.744383  -0.352334  -0.520718   1.136147  -0.707232   0.000000  -0.473238   1.223456   1.020392
38.510000   1.305295   0.887872   0.373375   0.086508  -0.602443  -0.497480   0.409880  -0.719061  -0.641768   0.026430  -0.207831  -0.181870   0.000000  -0.952084   0.079594   1.433728
38.520000  -0.403473  -0.030779  -0.202567  -0.556069   0.483271  -0.169770  -0.567358  -1.700339   0.994712   0.522814  -1.142481   0.416920  -0.368973   0.000000  -0.743235  -0.274869
38.530000   0.720459   0.231390   0.101316  -0.128705   1.783549  -0.087390   0.133013  -0.752065   0.105759  -1.127247  -0.131734  -0.005629   0.000000  -0.232952  -0.278959   0.077276
38.540000   1.125863   1.097641   1.286267  -0.357502   1.016936   0.933994   1.586400  -0.425422  -0.217779   0.864104   0.804002   0.180963   0.000000   2.578404   1.163407   0.772958
38.550000   2.115184   0.418399   0.476977  -0.172571  -0.479414   0.387637   1.014946   0.979415   1.830267   1.042743   0.802349   2.196153   0.286239   1.365553   2.108903   0.000000
38.560000   0.531499  -0.266802  -0.793122  -0.280186   0.081877   0.891348   0.042333   0.495212   0.076552  -0.086089   0.448417  -0.158676   0.742127   0.280538  -0.029656   0.000000
39.400000   1.882473   0.822018   3.010912   2.721399   2.341598   1.824751   2.608931   1.856373   1.960911   1.890142   1.737597   2.596057   2.044623   2.999724   0.000000   2.015084
39.410000   3.126521   2.236868   1.933570   2.665416   2.023619   1.852713   2.245182   2.026616   2.772276   1.425991   2.035156   1.867848   2.101799   3.188260   1.882887   0.000000
39.420000   1.561132   2.079892   1.907529   0.493744   2.496778   0.832852   1.485590   1.982806   0.992168   2.176297   2.088759   0.893168   0.833076   1.311796   0.000000   1.078401
39.430000   0.209316   0.029294   0.970952  -0.438874   0.259756   0.479886  -0.015409   0.570218  -1.136482   0.577485  -1.081569  -0.803274   0.000000   0.139792   0.145083  -0.984394
39.440000   0.196165   0.585814  -0.110781  -0.666362  -0.925064  -1.589536  -0.242125  -0.865317  -0.655803   0.240322  -0.554130  -0.773370  -0.512188   0.160236   0.000000  -0.602261
39.450000   0.381420  -1.048433   0.517010   1.054361   0.439189   1.420770   0.286826   0.451483   0.497443   1.095792   1.112856   0.924569   1.037149   0.000000  -0.268662   1.431493
39.460000   0.558477   0.586937  -1.178505   0.177231   1.093896   0.127577   0.093583   0.556869   0.115006  -0.115766   0.271034   0.104842   0.572237  -0.381319   0.000000   1.052743
39.470000   0.377158   1.206070   1.344785   0.300596  -1.820110   0.029542   1.959771   0.671291   0.436427   0.071864   0.297117   0.883526   0.384302   1.235455   0.000000   0.087983
39.480000   0.522161  -0.234895   0.410736   0.073360   0.202397   0.194428   0.649163  -0.168522   1.229078   0.541993   0.292262   0.231101   0.000000   0.030994   0.220990   1.623339
39.490000   0.893655   0.420840   1.801008   2.029611   0.993227   1.620096   2.149175   0.861069   1.173812   0.635600   0.082263   1.912171   1.346457   0.804672   0.297295   0.000000
39.500000  -1.698496  -0.623941  -0.271176  -0.330099   0.447438   0.057823  -0.596512  -0.602866  -0.922042  -0.743097  -0.397157  -0.744181   0.000000  -0.118969  -0.608338  -1.230160
39.510000  -0.263588  -0.011002  -0.204239  -0.361468   0.152278  -0.492796   0.010187   0.050284  -0.413502  -0.391098  -0.229615  -0.452580   0.000000   0.125098  -0.602249  -0.342854
39.520000   0.426157   0.185075  -0.687262   0.007922  -1.396746  -0.261591  -0.048607  -0.107775   0.253383   0.012680   0.212866   0.157884   0.014141   0.000000   0.577654   1.230336
39.530000   0.158437  -0.988221   0.332118   0.689444   1.442220   0.079555  -0.287439   1.288342   0.073166   0.050789  -0.136610   0.248204   0.000000   0.493357   0.479517   1.071405
39.540000   0.369058  -0.191768   0.239391  -0.295370  -0.335917  -0.184937   0.010819   1.032364   0.588135  -0.122449   0.313671  -0.319293   0.000000  -0.202553   0.049336  -0.276177
39.550000  -0.042964   0.683967  -0.325611  -1.439122   0.160988  -0.226075   0.165032  -0.399645   0.133276   0.740929   0.053810   0.516791  -0.038013   0.628215   0.119405   0.000000
39.560000   0.033900   0.103763   0.118792  -0.483456  -0.510175   0.654252   1.079305   0.952590   0.935546  -1.049817   0.716582   2.496046   0.675646   0.038314   0.385155   0.000000
40.410000  -1.853230   1.060569   0.118914   0.514931  -1.448770   0.545429   0.144685  -0.203107   0.377723   0.255288   0.356312   0.000000  -0.003211   0.762649  -0.344378   1.229355
40.420000  -1.264739   0.133311   0.333736  -1.330630   0.018771   0.088122   0.326991  -0.184446   0.321455   0.079421   0.000000   0.700509   0.160238   1.008838  -0.573001   0.266655
40.430000   4.348507   2.812321   3.091190   2.319156   3.884404   2.935368   1.772818   2.942188   0.000000   2.753054   2.773829   3.065672   2.943077   1.813876   1.135975   2.794937
40.440000   0.308187   1.404149   0.728727   1.502483   0.367989   0.642069   0.040439   0.389327   0.361672   0.020211   0.000000  -0.020385  -0.543922  -0.201311   0.106476  -0.892835
40.450000  -0.114023  -0.229680  -0.044018   0.313568  -0.100056  -0.649866   0.885928  -1.604619   2.375046   0.000000   0.047563   0.007477   0.371731  -0.463937  -0.098580  -0.820614
40.460000   3.350884   3.309407   3.183073   2.976186   2.663134   3.140173   3.025618   2.952333   2.597259   3.277106   0.000000   3.411503   2.973461   3.452174   3.208703   2.572034
40.470000   1.672955   1.657662   1.316891   1.440701   0.727286   1.469836   2.116256   1.140082   0.943310   0.634254   0.000000   0.694514   2.000215   1.811107   0.695321   0.706836
40.480000   1.366193   1.511739   2.353099   1.527583   4.119568   2.519298   2.138311   1.498618   0.000000   2.403983   1.463693   2.737417   1.827806   2.365048   2.752186   1.860661
40.490000   0.563222  -0.179147   0.984172  -0.215020  -0.278338   0.831603   0.527351  -0.331065   0.669065   0.179579   0.039886   0.000000  -0.380424  -0.802499  -0.391909  -0.435813
40.500000   0.961048   0.924090   0.556919  -1.112727   2.009101  -0.032362   0.614507   0.496728   0.000000   1.148150   0.779701   0.673916   1.157661   0.600515   0.429637   0.305968
40.510000   3.623520   1.009903   0.985433   1.126769  -0.128851   0.211884  -0.163082   1.031465   0.000000   1.026204   1.987088   0.938268   0.964016   1.449687   0.982073   1.993886
40.520000   1.828500   0.389495   0.007494   0.848652   0.846835   0.864240   1.528656   2.830358   1.708051   0.000000   1.010503   1.813238   1.587967   0.707841   1.104675   1.960343
40.530000   1.266190   2.042111   2.127387   1.647085   2.573342   1.625473   0.780782   0.840033   0.000000   1.759493   1.401075   0.831692   1.594544   1.535585   1.291508   1.340949
40.540000   0.823879   1.129567   1.031310   0.874983   0.714720   0.046124  -0.442414   1.137308   0.000000   1.649510   1.446268   0.749522   1.124903   0.920847   1.407750  -0.065512
40.550000   0.253606  -0.126385  -0.996553  -0.894589  -0.226076  -0.408862  -0.180998   0.909514  -1.602033  -1.328824  -0.866292   0.000000  -0.416891   0.208442  -1.769259  -0.844436
40.560000  -1.048490  -0.460086  -0.815881  -1.222456  -0.988218  -1.711356  -1.222153  -1.073900  -1.865706  -0.604677  -0.945008   0.000000  -0.892258  -0.496177  -0.989984   0.269498
41.420000   1.224593   1.800900   1.914641   0.741988   1.367356   1.189803   1.571620   1.051037   1.839665  -0.795684   1.683979   1.380703   0.831959   1.954435   0.000000   2.029549
41.430000   0.258426   0.153472   1.763830   0.010928   0.790014   1.815598  -1.132451  -0.019276   0.175014   0.757559   0.169648   0.127762   0.000000   0.632504   0.489944   1.338976
41.440000   0.775911   0.919598   1.712745   0.745290   0.740545   0.840958   0.852784   1.641754   1.636304   1.424951   1.003578   2.334869   0.692311   0.802994   0.000000   1.828828
41.450000  -0.282721   1.566350  -0.202484  -0.245061   0.307244  -1.133065   0.674900  -1.016766   0.394864  -0.000515  -0.748628  -0.017219   0.172180   0.000000  -0.032985   1.799191
41.460000   0.104247   0.090146   0.299395   0.912538  -0.705804  -0.542370   0.516574  -0.026263   0.835910   1.359544  -0.339430  -0.006501   0.821921   0.000869   0.000000   0.757245
41.470000   0.238072  -0.594669   1.173281  -0.054937   0.184458   0.093485   0.364310  -0.034165   0.056531  -0.467379  -0.112243  -0.004581  -0.688606  -0.806002   0.000000   0.300210
41.480000  -0.375323   0.162913   0.245653   0.477701   0.394466   0.246306   0.993184   0.457188   0.537061   0.073864  -0.414378   0.272632   0.000000   0.203745   0.441252   0.281991
41.490000   0.088367   0.392828   0.848669   0.558443   0.358116   0.763664   0.932496   0.882647   0.781852  -0.644646   1.320011   0.809660   2.449955   1.262279   1.180318   0.000000
41.500000   0.532029   0.032576  -0.918861  -1.688409   0.350527   0.007063   0.629528   0.175423  -0.044121  -0.311704  -0.008424   0.618846   0.000000  -0.452349  -0.012645   0.716708
41.510000   0.380000   1.171441   0.956174   1.109009   0.618980   1.234880   1.113463   1.705005   0.253457   3.132453   1.071490   0.910327   0.000000   0.981951   0.971723   1.217424
41.520000   0.609015  -0.203362   0.094332   0.013557  -1.117443   0.145357   1.710495  -0.496076   0.141039  -0.905773  -0.359371   0.190355   0.453304   0.000000   0.267754  -0.542802
41.530000   0.771575  -0.967936  -0.217982  -0.453585   0.470907  -0.845383   0.058430  -2.177948   0.310221  -1.173138   0.023011   0.687270   0.000000  -0.508233  -0.153804  -0.091853
41.540000  -1.010759   0.710399   0.044221  -0.458001   0.634288  -0.010213   0.097926   0.707102  -0.623141   0.699471  -1.192596  -0.470629   0.000000   0.440247   0.453155   0.493084
41.550000  -0.604113  -0.589141  -0.151524  -0.995509  -0.553768   0.596797  -0.170036  -0.004188  -0.845208  -0.182596  -0.663719  -0.005434  -0.529443   0.235910   0.416278   0.000000
41.560000   0.778401  -0.072681   0.083220   1.442179   0.014702   0.826277   0.033880   0.604245   0.010008   0.211684   0.679051   0.575936   0.151419   0.291308  -0.018329   0.000000
42.430000   0.084436  -1.052777   0.513562   1.070145   0.233432  -0.430678   0.179435   0.122324   0.000000   0.207060   1.001320   1.096962   1.868990   0.106938  -0.069037   2.201415
42.440000  -0.546740  -0.025326   0.909323   0.198659   0.119834   0.497713  -0.036009   0.463006  -0.215125  -0.512687   0.000000   0.451079   1.057147  -0.740060   0.242889  -0.363131
42.450000   2.298042   2.232621   3.174104   3.051056   1.804114   2.294880   2.309647   1.209068   2.403669   0.000000   2.368752   1.616486   2.416540   0.568794   2.543178   2.327808
42.460000  -2.359814   0.069261  -0.349072  -1.246892   0.002723  -1.013792  -0.380993   0.184460  -0.439062  -0.435987   0.000000  -0.674240  -0.532064   0.080676  -0.717090  -0.287846
42.470000   0.413493   0.586334   1.129585   0.472030  -0.388967   0.787008  -0.382959   0.051662   0.250055   0.399585   0.000000  -0.691439   1.808699   0.229385   0.165085   0.012360
42.480000  -1.104699  -1.034158  -0.803553  -0.012885  -1.038222  -0.645893  -2.604747  -0.055229   0.000000  -1.389248  -2.581701  -0.523362  -0.896896  -1.183587  -0.340689  -0.576762
42.490000   0.214693  -0.343184   1.550798   2.922648   0.624508   1.215466   1.724574   1.391809   0.845073   1.032690   2.498862   0.000000   0.836748   1.953174   1.375610   1.456146
42.500000  -0.196573  -0.080659   0.239116  -0.340033   0.005072   0.170286   0.866560  -0.498380   0.000000  -0.909885  -0.536283   0.363659  -0.269194  -0.800392  -0.108393  -0.955537
42.510000   1.881437   1.670147   1.699022   1.549377   1.809866   1.682977   1.317674   3.774004   0.000000   1.215037   1.626712   1.598945   2.227652   1.641405   1.380862   3.688567
42.520000   1.454805  -0.404514   1.869716   1.163001   0.777370   2.407884   1.976489   1.705866   1.251347   0.000000   1.339505   0.688118   1.374539   1.197337   1.348557   1.272051
42.530000   0.578953  -0.240374   0.095039   0.386662   0.440426   0.541401  -0.132655   0.117110   0.000000   0.260563   0.210332   1.617305  -1.988433   0.993271   0.343922   0.219021
42.540000   0.740640   0.120955   0.158467   0.055574   0.770130  -0.151040   0.091800   0.368105   0.000000   1.918173   0.314771   0.822901   0.424687   0.188248   0.226591   0.275517
42.550000   1.231818   2.128486   0.859414   1.017819   1.825743   1.269173   1.703079   0.663841   1.885938   0.094565   1.521759   0.000000   1.709374   1.749705   0.571171   1.760506
42.560000   0.182758   0.859268  -0.317869   1.101563   0.193189   0.606219   0.963101   0.383627   0.726976   0.515902   1.219903   0.000000   0.562587   1.060947   0.904289   0.396079
43.440000  -0.407695   1.438788   0.000000  -0.271955  -0.404423  -0.306158   0.182506   0.913221   0.559617   0.052749   0.077272   0.067901   0.047553  -0.250939  -1.235709  -0.336597
43.450000   3.969172   0.000000   2.766998   2.067035   0.597719   2.222181   2.550660   2.630135   3.094689   2.689710   1.999581   2.492019   2.244423   4.003868   2.244008   2.452836
43.460000   3.346797   3.618015   0.000000   3.716655   3.660189   3.702202   3.450299   3.485470   3.709535   4.638423   3.574909   3.608643   3.384740   2.848379   3.531298   3.466631
43.470000  -0.198051  -0.093837   0.000000  -0.086109  -1.586625  -0.050671   1.060546  -0.323038  -0.582967   1.494614   0.471558  -0.235347  -0.129176  -0.212751   0.597539  -1.832388
43.480000   0.000000  -1.186646   0.046315  -0.852267  -0.343469  -0.348663   2.066643  -0.105293  -0.608174   0.536134  -0.104309  -0.517545  -0.330533  -0.305594  -0.429953  -0.353628
43.490000   0.546319  -0.260381   1.288495   0.000000   0.774706   0.899774   0.622967   0.520731   0.330474   0.397680   0.450569   0.945046   0.773248   0.955525   0.445205   1.246379
43.500000   0.000000  -0.357662   1.304599   0.528750   0.020400  -0.367939   0.088058   1.390949  -0.113680  -1.412398   0.697342  -0.295237  -0.364365  -0.438416   0.270677  -0.354015
43.510000   0.000000  -1.452552  -1.412923  -1.205078  -0.784994  -1.114858  -1.815609  -1.290063  -0.883799  -0.363040  -0.881587  -0.174213   0.417586  -1.312458  -1.119530  -1.146700
43.520000  -0.096738   0.000000  -1.094348  -0.198919  -0.266774   1.501154  -0.124638   0.387157  -0.619049   0.445708  -0.177921   0.240837  -0.578444   0.560603  -0.053489   0.735427
43.530000   0.000000  -0.385067  -0.146547   0.539101   0.625026  -0.270601  -1.134045  -0.346184  -0.343475  -0.524378  -0.080165   0.918098  -0.786465  -0.283109  -0.237384  -1.419901
43.540000   0.000000  -0.320843  -0.845444   1.478139   0.502536  -0.321489   0.277259   1.014319   0.318222  -0.400453  -0.500811  -1.257877   1.078486  -0.072640  -0.575974   0.448241
43.550000  -1.887036  -0.193154   0.060013   0.000000   0.657135  -0.186774  -0.527896  -0.944516   0.606989  -0.034112  -0.231900  -0.877032  -1.033901  -1.768268  -0.520153   0.436139
43.560000  -0.045378   1.081600   0.182570   0.000000   0.221723   0.750698  -1.764162  -0.570163   0.106590  -0.154865  -0.188594   0.583490   0.619046   1.219846  -0.065307   0.230706
44.450000   1.340320   1.615530   0.740854   0.084833   3.767877   0.185345   1.462841   0.860276   3.288716   0.000000  -0.502190   0.895174   0.918810   1.222955   0.890192   0.035974
44.460000  -0.422171   0.700351   1.035960   0.669652  -0.304494   0.703150  -0.846203  -0.265100   1.502123   0.031778   0.000000  -0.316185   0.222539  -0.213204  -0.929728   0.216252
44.470000  -0.285975   0.064612   0.375203   0.346150   0.471492   0.397400   1.009023   0.037020  -0.986627  -1.709136   0.000000   0.000171   0.493505  -0.743226   0.584916   0.965356
44.480000   1.523254   0.221066   0.601751   0.343417   0.381506  -0.024276   0.240279   0.604363   0.000000   0.788601  -1.172022   0.343142   0.689367   0.329269   1.893618   0.370154
44.490000  -1.881041  -0.245598   0.361964   0.688044  -0.798444  -0.813663  -0.387740  -0.596036  -0.894027  -1.170208  -2.620715   0.000000  -0.028193  -0.176539  -0.478335  -1.025100
44.500000  -0.496342   0.459019   0.426174   1.351866   0.798060   0.049579   0.972630   0.550614   0.000000   0.963948  -0.542525   0.967679   0.897647   0.594495   0.878704   1.051104
44.510000  -0.196411   0.035401  -0.041051   0.749562  -0.489434  -0.320711   1.388546  -0.097575   0.000000  -0.022230  -0.221527  -0.751561   1.503050  -1.502676   0.971890   1.855353
44.520000  -0.231437   0.187318   0.537501   1.020702   0.418730  -1.697500   0.726007   0.475588   0.521859   0.000000   0.680687   0.935169   0.699394   0.679663   0.001481   1.502343
44.530000   0.598000   0.908592   2.619644   1.164698   0.422758  -1.513977   0.733442   3.094465   0.000000  -0.392819  -0.197753   0.816151   0.858740  -0.004676   0.859129   2.147665
44.540000   0.347520   1.438048  -0.493528   0.230791  -0.967813   0.273214   0.850999   0.242612   0.000000   0.783308   0.009760   0.003620   0.054515   0.470935   0.598539  -0.260860
44.550000   0.109428   3.114376  -0.612260  -0.235139  -0.761456  -0.601621  -0.740987  -0.041434  -0.327261  -0.115614  -1.056140   0.000000   1.798478   0.570406  -0.546266  -1.202784
44.560000  -1.048311  -1.670409   0.109425   0.195935  -0.970338  -0.415854  -0.399508   0.091236  -0.396077  -0.511951  -0.308977   0.000000  -0.418884   0.117168  -0.028985  -0.320438
45.460000   0.341412   0.137718   4.359293  -0.063245   1.798818   0.128076   0.000000   0.358795  -0.086530   0.121117   0.087611   0.211119  -0.658164   0.113128   0.444326   1.153093
45.470000   0.412497   0.087279  -0.390702  -0.234057   0.080935  -0.521403   0.000000  -0.161371  -0.456343  -0.696199  -0.177798  -1.031502   1.423647   0.951710  -0.253366   0.237398
45.480000  -1.303659  -2.445947  -0.889741  -1.209382   0.000000  -2.133549  -1.721099  -0.662337  -0.566179  -1.970519  -1.160009  -1.124648  -0.452344  -1.047676  -0.714395   0.528294
45.490000   0.795782   2.333416   0.541346   1.684155   0.557973   0.609697   0.924426   0.000000   0.435658  -0.159280   0.832154   0.067396   0.142373   1.046222   0.135012   1.463594
45.500000   1.247058   0.064976   1.411039   0.586668   0.000000   1.332936   1.478041   1.829357   0.896230   1.855052   2.383380   0.937426   1.866304   0.167551   0.860753   1.759057
45.510000   0.009793  -0.331193   0.762118   0.237457   0.000000   0.533428  -0.936622   0.240520  -0.442140  -0.538731  -0.009379   0.283366   1.813985  -0.542920  -1.122759  -0.057080
45.520000   1.113325   1.217767   0.753112   1.342556   1.438196   0.000000   0.901989   1.057723   1.105096   0.905049   2.228441   0.524246   1.197772   0.935544   1.233353   0.878000
45.530000   1.518151   0.329305   0.188069   1.131681   0.000000   1.907585   1.380340   0.302533   0.638788  -0.342224   0.454484   0.387626   0.389092   0.424372   0.785910   0.270929
45.540000   1.620902   0.185614  -1.015177   0.110751   0.000000  -2.102239  -0.166316   0.398088  -0.496481  -0.112137   0.206673  -0.437327  -0.860424  -0.327352  -0.150904  -0.745933
45.550000  -0.405709   1.394956   1.737411   0.989687   0.554954   0.196691   0.711282   0.000000   1.034078   1.146544   1.714660   1.152508   0.318322  -0.124259   2.305065  -1.008390
45.560000   0.058489  -0.306779   0.048571   0.358657   1.004806  -0.361167  -0.400058   0.000000  -0.530129  -1.861191  -0.511840   1.427834   0.734542  -0.172966  -0.118154   0.640539
46.470000   1.918550   2.194385   1.475510   1.384714   2.236566   1.477025   1.879011   0.756471   2.158371   1.947015   0.000000   2.063562   1.330954   1.344064   0.924260   0.852080
46.480000   0.893185   2.090408   1.668379   0.775858   1.623766   0.573135   0.924896   1.768593   0.000000   2.251126   1.062846   1.861512   2.145715   1.227989   2.051335   1.971217
46.490000  -0.427181   0.206442  -0.578257  -0.821146  -0.252446  -0.311714   0.086649  -1.050777  -0.609425  -0.356231  -0.214902   0.000000  -2.355981   0.307145  -0.378504  -0.113483
46.500000  -0.049659   0.810010   0.175940   0.670933   0.442170   0.367591   0.103957  -0.804677   0.000000   0.111785  -0.475890   0.216840   0.260980   0.266445  -0.370708  -0.122142
46.510000   0.856835   0.883873  -0.793516   0.703711   2.211512   1.508153   0.697603  -0.322336   0.000000   0.550238   1.017830   0.456256   1.322366   0.713049   0.382127   0.262109
46.520000   0.743702  -0.111956  -0.270960   0.340993   0.446874   0.457250  -0.689538   0.186146   0.115360   0.000000   1.694564   0.170890   0.115676   1.162151   1.998824  -0.395306
46.530000   0.761477   0.057225   0.437440   0.466801   0.453095   0.465774   0.621778   0.005863   0.000000   0.451141   1.635688   0.610546   0.007576   1.361415   0.914027   1.857380
46.540000   0.303764  -0.227947  -0.516905  -0.594340  -0.569132  -1.598906  -1.343620  -0.463896   0.000000   1.785937  -0.187531   0.222539   0.881500  -0.484894  -2.524809  -0.037125
46.550000   0.559884   0.112741   0.563629   0.088362   0.094810   1.144378  -0.289779   0.997473  -0.694883  -0.142270   0.045434   0.000000   0.432489   1.918175  -0.505874  -0.145868
46.560000   0.607147   0.012511  -0.106167   1.127039   0.804850   0.707813  -0.086070   0.111625   0.536397   0.553416  -0.431294   0.000000  -0.491993   0.702568   1.222305   0.418021
47.480000  -0.781604  -0.783180  -0.947766  -1.470232  -0.363163   0.535013   0.859062  -0.662239   0.000000  -0.585904  -0.533479  -0.693472  -1.203715  -0.684835  -0.273081  -0.733147
47.490000  -1.119983  -0.925458  -0.368592  -1.175344  -0.964734  -1.330344  -1.475096  -1.505162  -0.898112  -1.000566  -1.095122   0.000000  -0.729519  -2.693788  -0.930158  -0.788291
47.500000   0.101441  -0.371348  -0.305386  -0.066793   0.572296  -0.186023   0.282782   0.510953   0.000000  -0.012452   1.078440  -0.602584   0.216578   0.128377  -0.214503  -0.335650
47.510000  -1.559055  -1.735567  -0.488746  -0.558551  -0.244319  -0.523112  -0.080002  -0.344072   0.000000  -0.151144   0.129961   0.049561  -0.493564  -1.898798  -0.530779  -0.139658
47.520000   1.310338   2.122942   0.062530   0.226399   2.062865  -0.025315   0.275210   1.875743   0.586616   0.000000   0.556927  -0.591272   0.582822  -0.494098   0.440360   0.894745
47.530000   0.247030   0.103505  -0.026389   0.312381  -1.029776   0.116025   0.913402   0.545010   0.000000   0.378399   1.536515   0.302047   0.183279   1.119126  -0.231581  -0.549081
47.540000  -0.161063   0.427663   1.342691   0.329878   0.011324   0.598346   0.031278   0.122389   0.000000  -1.401800  -0.238269  -2.000209   0.417961   1.189045  -0.265351   0.354389
47.550000  -0.962143  -0.465508  -0.458422  -0.673601   0.118700  -0.612230  -0.650205  -1.384595  -1.149656  -0.662264   0.536068   0.000000  -0.198024  -1.090448  -0.060197  -0.662165
47.560000   0.042803   0.097196  -0.448907   0.364120  -0.510740  -0.070624  -0.347904  -0.228828  -0.198165  -0.150066  -0.272564   0.000000  -0.221289  -0.080739  -0.112164  -1.018552
48.490000  -0.153941   0.300948  -0.207444   0.000000  -0.465519   0.651471   1.418805   0.636891   0.260244   0.276998  -0.017352   0.113079   0.742944  -0.309072  -0.230332  -0.078787
48.500000   0.000000  -1.225404  -0.385373   0.915196  -0.453232  -0.394907  -0.702377   0.732752  -0.548688   0.865076  -0.856089  -0.536207   0.310144  -0.069812  -0.258271  -0.359731
48.510000   0.000000  -0.124570   0.204596  -0.928876  -0.017256   0.372681  -0.464075   1.622315   0.039553  -0.905728  -0.229352  -0.409621   0.682874   0.412528   0.010521  -0.407786
48.520000  -0.586704   0.000000   0.131474  -0.162287   0.563139   0.303355  -0.084653  -0.091460  -0.079386  -0.058604   0.582226  -0.263486  -0.233183   0.373415  -0.153494  -0.256686
48.530000   0.000000  -0.393059  -0.023665   0.115815   0.053651   0.031924  -1.360763  -0.303702  -0.060017  -0.450232  -0.091059  -0.162142   0.170254   0.250550  -0.488326  -0.220162
48.540000   0.000000   0.926070   1.162175   0.757305   0.790482   0.293218   0.840072   0.862358   1.284156   1.087327   0.863996   0.710040   0.387400  -0.545206  -0.435481   0.647784
48.550000   2.096374   2.290154   1.993631   0.000000   2.169554   2.566855   2.045468   1.949114   2.458170   2.019813   1.334359   1.586910   1.808293   2.551306   2.257316   1.825798
48.560000   0.318374   0.869400   0.274193   0.000000   0.330973   0.172744   0.241349   0.652795  -0.082617  -0.229705   0.666304   1.435807   0.093738  -0.881039  -0.795185   0.577320
49.500000   1.332265   2.542949  -0.173381   0.424912   0.118050   1.902775   0.449586   0.358710   2.751135   2.413229   0.908975   1.115937   0.000000   0.626678   1.635684   0.522817
49.510000   0.527597   0.607765   0.459372   0.877548   2.528551   0.520986   0.516125   0.057157   0.584415   1.210130   1.106321   0.917815   0.000000   0.255048   0.969580   0.528522
49.520000   0.948436   1.356247   0.906861   1.745247   1.042437   3.104298   1.314959   1.156439   1.539137   1.215892   0.247571   1.721427   0.619080   0.000000   1.156830   1.183835
49.530000   0.195208   1.209775  -0.516337   1.402643  -0.303173  -0.425928  -0.187043   0.160874  -0.534918   0.452224  -0.266586   0.681256   0.000000   0.219671   0.450451   0.567896
49.540000   0.362160   0.203858   1.263114  -0.106064   0.319265   0.565666   1.282999   0.416313   0.958368   0.315565   1.414609   1.159861   0.000000   0.426114   0.682130   1.151337
49.550000  -0.825283  -1.396596  -1.187479  -1.216300  -2.339476  -0.611708  -1.471976   1.713334   0.048095  -1.037305  -1.299810  -1.178550  -1.295820  -0.703889  -1.907688   0.000000
49.560000  -0.011384   0.168554   0.422950  -1.343590   0.205440   0.787154   0.159284  -0.374845   0.324947   0.163269  -0.737041   0.179084  -0.486988  -0.351563   1.217573   0.000000
50.510000   0.000000   0.031450  -0.007745   0.758403   0.360468  -1.101260  -0.029142   0.091904   0.000540   2.055614  -0.632263  -0.125459   1.664062  -0.026530  -0.437507  -0.600606
50.520000   1.142464   0.000000   1.169918   1.180562   0.587548   1.226732   0.719455   0.575925   1.360210   0.609903  -0.247506   1.500364   1.497127   1.073300   1.050162   1.726729
50.530000   0.000000  -0.419655  -1.201420  -0.987683  -3.290624  -1.400214  -0.706635  -1.416703  -0.898549  -1.936605  -1.299485  -1.003004  -1.337518  -1.768434   0.611283  -1.286993
50.540000   0.000000   0.226196   1.445105   1.010702   0.917634   0.173849   0.697610   0.472492   0.819944   0.933279  -0.105937   0.944451   1.476015   0.907620   0.984071   1.256156
50.550000   0.340778   0.184156   1.172004   0.000000   0.970024  -0.611193  -0.008635   0.050571  -0.372715  -0.174470  -0.165462  -1.478287  -1.058144   0.240430   0.698816   0.248925
50.560000   1.025443   0.282449   0.205958   0.000000  -0.288837   0.630976  -0.083014   0.029702   0.639503  -0.416782   0.125060   0.454080  -0.184942  -0.001056  -0.267462  -0.225117
51.520000   0.217281   0.000000   0.056847   0.051198   1.350278   0.067580   0.073826  -0.468779  -0.062418   0.151862  -0.787169  -0.107402   1.255218  -0.710644  -0.048743  -0.608161
51.530000   0.000000   0.173933   0.050760  -0.172285  -0.017025   0.013190  -0.234573   0.182390   0.223549   0.077096  -1.375089  -0.013425  -0.643706   0.391425  -0.238033   0.664518
51.540000   0.000000  -0.440145  -1.747508  -1.271137   0.016558   0.178218  -0.422012   0.155090  -0.077588  -0.775624   0.015934  -0.284576   2.365718  -0.087431  -0.145175   0.253573
51.550000   1.297370   0.070015   0.392094   0.000000   1.093206   0.594398   0.235216  -0.267651   0.245085   1.018612   1.001701   0.509701  -0.247164   0.422083   0.566995   0.311903
51.560000  -2.468362  -2.250561  -3.269389   0.000000  -2.629248  -2.053983  -2.139609  -2.726448  -2.368651  -2.493643  -2.439529  -2.315357  -2.835049  -3.033506  -1.952351  -2.894386
52.530000   0.222638  -1.319509  -0.821469  -0.372612   0.000000  -0.224179   1.091903   0.020998   1.031429   0.213317   0.105315  -0.335186   0.564940  -0.003031   0.265990  -0.033995
52.540000  -1.107909   0.034095  -0.750499  -1.082101   0.000000  -1.228046  -1.086241  -0.704258  -3.324464  -1.026896  -1.082012  -2.371274  -0.297062  -1.060240  -1.191153  -0.714030
52.550000   0.526666  -0.094731   0.033532   0.111358   0.183995   0.215321  -0.608478   0.000000   1.223327   1.233086  -0.063068  -0.059575  -0.080470   1.018959   0.037459  -0.620842
52.560000  -1.054964   0.723237  -0.163943  -0.223280  -0.142488   0.165107   0.123191   0.000000   0.519064   1.218837  -0.593750   1.174845  -0.080775   0.889780  -0.124231  -0.649602
53.540000   0.000000  -0.922541   0.413038   0.565736  -0.065697  -0.149982  -0.335862   0.350173   0.242128  -0.446001   0.481453  -0.322977   0.990980   0.235985   0.432310  -0.823323
53.550000   0.631929   0.166807   0.135970   0.000000   0.455350  -0.477407   0.313052  -0.681579   0.721387   0.484033  -0.560940   0.714920   0.132592   0.168560  -0.063310  -0.070247
53.560000   0.934745  -0.102144   0.979004   0.000000   1.022947   0.475724   1.647225   1.033250   0.130467   0.793675   1.193924   1.623717   0.806750   1.741036   0.377451   1.282550
54.550000   1.740767   2.301528   0.232783   0.000000   0.667983   0.599082   0.177463   0.609118   0.069070   1.755073   0.333437   1.465729   0.391006   0.083337   1.648625   0.633805
54.560000   0.708619   0.080094   0.133221   0.000000   0.074604  -0.910845   1.757807   0.093266  -0.195231  -0.206765   0.328669  -0.416365   0.159800  -0.849166  -0.244171  -1.683504
55.560000   0.423606   0.202557  -0.194425  -0.508575   0.411896  -0.043515  -0.347264  -0.044344  -0.649385  -0.006126   0.018008   0.932525   0.170237   0.483296   2.117475   0.000000