  pos      val_A      val_C      val_G      val_T
    0  -0.097362  -0.013310  -0.014709   0.125381
    1  -0.040629  -0.063342   0.006733   0.097238
    2  -0.127034  -0.201254   0.233623   0.094665
    3   0.023735  -0.109941   0.212584  -0.126378
    4  -0.114181   0.135357  -0.018881  -0.002296
    5   0.124450  -0.067290  -0.070924   0.013763
    6   0.035452  -0.024893  -0.050813   0.040254
    7   0.016000  -0.038180  -0.015097   0.037277
    8   0.015763  -0.014480  -0.026600   0.025316
    9  -0.019833  -0.006936  -0.001723   0.028492
   10  -0.001734  -0.016322  -0.009241   0.027297
   11  -0.017314  -0.008305   0.018638   0.006982
   12   0.031565  -0.025232   0.003728  -0.010061
   13  -0.017310   0.006415   0.011692  -0.000797
   14  -0.012238  -0.004431   0.004012   0.012657
   15  -0.001218   0.010730  -0.024747   0.015236
   16  -0.003734  -0.008225   0.009590   0.002369
   17   0.004665  -0.011957   0.007142   0.000150
   18   0.001699  -0.007823  -0.026349   0.032473
   19  -0.035432  -0.039445  -0.014161   0.089039
   20   0.068370  -0.024728   0.016777  -0.060419
   21   0.013479  -0.059363   0.065662  -0.019778
   22   0.015992  -0.124421   0.121128  -0.012699
   23  -0.059985   0.018861   0.023191   0.017932
   24  -0.133310   0.020029  -0.187379   0.300660
   25   0.422176  -0.133979  -0.188505  -0.099692
   26  -0.060724  -0.028737  -0.047496   0.136957
   27   0.138173  -0.061244  -0.051314  -0.025615
   28   0.112960   0.077273  -0.091478  -0.098756
   29  -0.067393  -0.110790  -0.138071   0.316254
   30   0.061693  -0.028889   0.026231  -0.059035
   31   0.015565  -0.041064   0.012003   0.013496
   32   0.007677  -0.005191   0.008679  -0.011164
   33   0.003458  -0.015525  -0.006841   0.018907
   34  -0.001031  -0.012812  -0.006771   0.020614
   35   0.010433  -0.035108   0.002074   0.022600
