  pos      val_A      val_C      val_G      val_T
   36  -0.035278  -0.027745  -0.036750   0.099774
   37  -0.023160   0.073216  -0.026200  -0.023856
   38  -0.023949   0.026189   0.050134  -0.052373
   39   0.008112   0.076213   0.051881  -0.136206
   40   0.167414   0.079345  -0.326926   0.080167
   41   0.056168   0.153887  -0.026468  -0.183586
   42   0.100291   0.104035  -0.293795   0.089469
   43  -0.225642   0.103543   0.067051   0.055048
   44   0.071987  -0.087052  -0.167102   0.182167
   45   0.354413  -0.313497  -0.127303   0.086387
   46   0.053218   0.008954  -0.240375   0.178203
   47   0.039087   0.002930  -0.021666  -0.020351
   48  -0.062901   0.052542  -0.090196   0.100555
   49   0.101252   0.024932   0.013062  -0.139246
   50  -0.054229  -0.026674  -0.006321   0.087224
   51  -0.073327  -0.023088   0.043036   0.053379
   52   0.031940  -0.141229   0.041604   0.067685
   53  -0.079279  -0.058719   0.069789   0.068209
   54   0.007178  -0.013546   0.000156   0.006212
   55   0.015233   0.054671  -0.007109  -0.062795
   56   0.005580  -0.051941  -0.000433   0.046794
