  pos      val_A      val_C      val_G      val_T
    0  -0.131904  -0.015135   0.037794   0.109244
    1  -0.044781  -0.033005  -0.003726   0.081512
    2  -0.139233  -0.241584   0.266862   0.113955
    3   0.004699  -0.048947   0.215696  -0.171447
    4  -0.070398   0.132933  -0.065174   0.002639
    5   0.134148  -0.084739  -0.060177   0.010768
    6   0.029845  -0.021907  -0.034774   0.026836
    7  -0.016414  -0.008088   0.001089   0.023413
    8   0.034480  -0.044321   0.004943   0.004898
    9  -0.026667   0.009879  -0.016912   0.033700
   10   0.007055  -0.009573  -0.016459   0.018977
   11   0.003820  -0.001898  -0.024641   0.022719
   12   0.101315  -0.048357  -0.010893  -0.042065
   13  -0.023702  -0.011587  -0.011812   0.047101
   14   0.019031  -0.020773  -0.013040   0.014783
   15  -0.006049  -0.008492  -0.004087   0.018628
   16   0.042587  -0.007289  -0.029474  -0.005824
   17  -0.005888  -0.018970   0.003745   0.021113
   18  -0.003744  -0.012751  -0.026285   0.042780
   19  -0.066089  -0.053051  -0.038224   0.157365
   20   0.061113  -0.025113   0.031282  -0.067281
   21   0.021373  -0.067834   0.069797  -0.023337
   22  -0.011863  -0.121596   0.126465   0.006994
   23  -0.088443   0.073824   0.025470  -0.010851
   24  -0.145960  -0.047352  -0.125162   0.318474
   25   0.316786  -0.159767  -0.037077  -0.119942
   26  -0.080729  -0.073625   0.035220   0.119134
   27   0.157292  -0.056517  -0.073145  -0.027630
   28   0.126647   0.057368  -0.098924  -0.085090
   29  -0.085923  -0.169532  -0.036881   0.292335
   30   0.051787  -0.026262   0.038966  -0.064491
   31  -0.015099  -0.030037   0.040075   0.005061
   32   0.035120  -0.025189   0.009724  -0.019655
   33   0.044975  -0.029547  -0.025631   0.010203
   34   0.037293  -0.050791   0.002356   0.011143
   35   0.005450  -0.033717  -0.006797   0.035064
