  pos      val_A      val_C      val_G      val_T
   36  -0.033563  -0.030578  -0.037975   0.102116
   37  -0.023681   0.074105  -0.025534  -0.024890
   38  -0.020450   0.020275   0.044354  -0.044179
   39   0.023753   0.050757   0.048446  -0.122956
   40   0.198125   0.048605  -0.317405   0.070675
   41   0.045795   0.146234  -0.010817  -0.181212
   42   0.095688   0.081623  -0.267164   0.089852
   43  -0.218216   0.101614   0.061050   0.055552
   44   0.063567  -0.070582  -0.159432   0.166447
   45   0.422906  -0.329351  -0.161680   0.068125
   46   0.053080   0.005807  -0.229173   0.170286
   47   0.044529  -0.005934  -0.018406  -0.020189
   48  -0.064098   0.051491  -0.081199   0.093807
   49   0.088291   0.024574   0.020220  -0.133085
   50  -0.057331  -0.023501   0.000685   0.080146
   51  -0.073110  -0.022054   0.042805   0.052359
   52   0.024049  -0.127054   0.028419   0.074587
   53  -0.071804  -0.062382   0.068507   0.065679
   54   0.005252  -0.010069   0.004042   0.000776
   55   0.018472   0.050911  -0.011360  -0.058023
   56   0.006152  -0.052513  -0.000796   0.047157
