  pos      val_A      val_C      val_G      val_T
   36  -0.066733  -0.056058  -0.063153   0.185944
   37  -0.009376   0.022948   0.003280  -0.016851
   38  -0.015015   0.038205   0.012153  -0.035342
   39   0.038249   0.086209  -0.008055  -0.116403
   40   0.193564   0.018400  -0.247621   0.035657
   41   0.001966   0.186379  -0.042902  -0.145443
   42   0.192512   0.047813  -0.313742   0.073418
   43  -0.130632   0.002776   0.116587   0.011269
   44   0.039342  -0.112072  -0.148429   0.221160
   45   0.493594  -0.316415  -0.224263   0.047084
   46   0.088424  -0.039814  -0.152883   0.104273
   47   0.032227   0.001471  -0.033082  -0.000616
   48  -0.052991   0.043958  -0.058693   0.067725
   49   0.113856  -0.008197  -0.000005  -0.105654
   50  -0.039617  -0.008146  -0.000724   0.048487
   51  -0.044709  -0.005404   0.020954   0.029159
   52   0.020170  -0.096615   0.026024   0.050421
   53  -0.062251  -0.005602   0.040232   0.027622
   54   0.005897  -0.023895   0.019541  -0.001543
   55   0.000816   0.028995  -0.022128  -0.007682
   56  -0.003816  -0.016235  -0.018940   0.038991
