  pos      val_A      val_C      val_G      val_T
    0  -0.105406  -0.009850  -0.010928   0.126183
    1  -0.042705  -0.059331   0.004986   0.097049
    2  -0.128256  -0.210175   0.243756   0.094675
    3   0.024794  -0.100269   0.205213  -0.129738
    4  -0.115016   0.136995  -0.019208  -0.002771
    5   0.129504  -0.071022  -0.082614   0.024132
    6   0.034448  -0.026278  -0.045570   0.037400
    7   0.013890  -0.043191  -0.006326   0.035627
    8   0.018805  -0.006243  -0.037058   0.024496
    9  -0.007612  -0.010905  -0.011495   0.030012
   10  -0.005931  -0.000895  -0.020596   0.027422
   11  -0.018348  -0.020698   0.026790   0.012256
   12   0.037973  -0.027146   0.005837  -0.016664
   13  -0.013641   0.004221   0.013868  -0.004447
   14  -0.011304  -0.002715   0.000920   0.013100
   15  -0.001142   0.015387  -0.029155   0.014909
   16  -0.006497  -0.007497   0.010369   0.003625
   17   0.009823  -0.014021   0.005745  -0.001547
   18  -0.002784  -0.005860  -0.027839   0.036483
   19  -0.036412  -0.034818  -0.014732   0.085962
   20   0.074230  -0.025372   0.022651  -0.071509
   21   0.016858  -0.056920   0.063744  -0.023681
   22   0.020578  -0.127888   0.124060  -0.016749
   23  -0.066946   0.025469   0.021936   0.019541
   24  -0.138648  -0.012481  -0.154736   0.305865
   25   0.401497  -0.145805  -0.143269  -0.112423
   26  -0.056295  -0.021039  -0.063352   0.140686
   27   0.138351  -0.055723  -0.054413  -0.028215
   28   0.118834   0.079503  -0.096945  -0.101392
   29  -0.063469  -0.148407  -0.113061   0.324937
   30   0.049318  -0.038363   0.031317  -0.042271
   31   0.016774  -0.058972   0.024244   0.017954
   32   0.013301   0.002520   0.008741  -0.024563
   33   0.005552  -0.021416  -0.007213   0.023078
   34  -0.001792  -0.011429  -0.005868   0.019089
   35   0.013907  -0.041301   0.001221   0.026173
