  pos      val_A      val_C      val_G      val_T
    0  -0.113983  -0.010600  -0.008838   0.133421
    1  -0.069766   0.011353  -0.015696   0.074109
    2  -0.148529  -0.179844   0.249842   0.078531
    3   0.007801  -0.103275   0.231174  -0.135700
    4  -0.106149   0.139618  -0.055770   0.022301
    5   0.122107  -0.076825  -0.063078   0.017796
    6   0.040204  -0.026100  -0.042742   0.028638
    7   0.035619  -0.028077  -0.044731   0.037190
    8  -0.008021  -0.007188  -0.012269   0.027478
    9  -0.003040   0.001181  -0.015535   0.017394
   10  -0.004297  -0.007135  -0.007047   0.018480
   11  -0.019886   0.016499  -0.019745   0.023132
   12   0.018914   0.007489   0.024344  -0.050747
   13  -0.005797   0.011128   0.007215  -0.012546
   14   0.006829  -0.020085  -0.002911   0.016167
   15   0.013731  -0.018442  -0.012793   0.017504
   16  -0.006207  -0.001452  -0.004660   0.012319
   17   0.018684  -0.013014   0.001571  -0.007241
   18   0.024385  -0.029250  -0.022151   0.027017
   19  -0.031919  -0.014399  -0.010338   0.056656
   20   0.064790  -0.037035   0.044824  -0.072579
   21  -0.001247  -0.035961   0.060125  -0.022917
   22  -0.006587  -0.120273   0.122337   0.004523
   23  -0.041458   0.034851   0.018179  -0.011573
   24  -0.187977   0.033159  -0.141810   0.296628
   25   0.415700  -0.137025  -0.202495  -0.076180
   26  -0.053227  -0.021474  -0.061819   0.136520
   27   0.144556  -0.053674  -0.057105  -0.033777
   28   0.109140   0.087204  -0.088920  -0.107425
   29  -0.087636  -0.095161  -0.123074   0.305871
   30   0.046388  -0.026643   0.033470  -0.053215
   31   0.017360  -0.041985   0.003920   0.020705
   32   0.008233   0.002467   0.005923  -0.016623
   33  -0.013665  -0.002202  -0.003993   0.019860
   34   0.016398  -0.029130  -0.006172   0.018904
   35   0.023055  -0.026660  -0.001581   0.005186
