  pos      val_A      val_C      val_G      val_T
    0  -0.105292  -0.010328  -0.010344   0.125965
    1  -0.049755  -0.036633  -0.002992   0.089380
    2  -0.124703  -0.218991   0.245675   0.098019
    3   0.024913  -0.097686   0.204476  -0.131703
    4  -0.112290   0.137740  -0.019995  -0.005455
    5   0.125766  -0.065075  -0.080724   0.020032
    6   0.035268  -0.022917  -0.048053   0.035702
    7   0.013437  -0.033729  -0.014284   0.034576
    8   0.005167  -0.009752  -0.018572   0.023157
    9  -0.004345  -0.019694  -0.007536   0.031574
   10  -0.001163  -0.007124  -0.017090   0.025377
   11  -0.017626  -0.015953   0.022187   0.011392
   12   0.035051  -0.034054   0.002199  -0.003197
   13  -0.019381   0.004355   0.012782   0.002244
   14  -0.008341  -0.001778   0.002748   0.007371
   15   0.005538   0.000783  -0.019762   0.013442
   16  -0.004564  -0.010257   0.009034   0.005787
   17   0.010522  -0.013342   0.003837  -0.001017
   18   0.006006  -0.005320  -0.029557   0.028871
   19  -0.041377  -0.043672  -0.010350   0.095399
   20   0.072304  -0.024443   0.020198  -0.068060
   21   0.015009  -0.053113   0.060138  -0.022034
   22   0.010745  -0.126944   0.132241  -0.016042
   23  -0.060626   0.020821   0.021303   0.018501
   24  -0.149664   0.008845  -0.167881   0.308700
   25   0.404331  -0.178749  -0.116550  -0.109032
   26  -0.062908  -0.028565  -0.049163   0.140636
   27   0.139082  -0.059303  -0.051979  -0.027800
   28   0.114477   0.075828  -0.096419  -0.093886
   29  -0.098220  -0.119490  -0.105914   0.323625
   30   0.054164  -0.029302   0.031633  -0.056495
   31   0.018881  -0.042590   0.010302   0.013407
   32   0.014246  -0.005522   0.005673  -0.014397
   33  -0.000800  -0.005644  -0.010356   0.016800
   34  -0.001111  -0.010943  -0.007552   0.019606
   35   0.020512  -0.034804  -0.001243   0.015535
