  pos      val_A      val_C      val_G      val_T
    0  -0.119046   0.000002  -0.007527   0.126570
    1  -0.021671  -0.054640  -0.000273   0.076584
    2  -0.129715  -0.200558   0.241892   0.088382
    3   0.013119  -0.110743   0.230238  -0.132615
    4  -0.111171   0.115908  -0.020378   0.015641
    5   0.136460  -0.092888  -0.052793   0.009221
    6   0.042079  -0.017202  -0.057395   0.032518
    7   0.001790  -0.048964   0.014336   0.032839
    8   0.009123  -0.028265  -0.003156   0.022298
    9   0.010622  -0.030813  -0.016837   0.037028
   10  -0.001970  -0.016639  -0.008085   0.026694
   11  -0.010308   0.005481  -0.007091   0.011918
   12   0.034695  -0.009691  -0.006176  -0.018828
   13  -0.013151   0.008784   0.009038  -0.004671
   14   0.006674  -0.002446  -0.019844   0.015616
   15   0.007845  -0.015069  -0.009366   0.016590
   16   0.004303  -0.007665   0.002359   0.001002
   17   0.019003  -0.017918  -0.001606   0.000520
   18   0.000955   0.046220  -0.046413  -0.000761
   19  -0.028042  -0.039171  -0.029782   0.096995
   20   0.058042  -0.033136   0.047833  -0.072739
   21   0.031555  -0.061411   0.048663  -0.018807
   22   0.010469  -0.120103   0.111294  -0.001660
   23  -0.075202   0.076806   0.004036  -0.005640
   24  -0.156889   0.054044  -0.193714   0.296559
   25   0.358539  -0.163321  -0.043292  -0.151925
   26  -0.052179  -0.020570  -0.082499   0.155248
   27   0.156597  -0.078898  -0.047208  -0.030491
   28   0.125542   0.060812  -0.075966  -0.110389
   29  -0.049217  -0.165960  -0.103889   0.319067
   30   0.061811  -0.033946   0.025878  -0.053743
   31   0.017922  -0.038008  -0.001679   0.021766
   32   0.033068  -0.010716  -0.009483  -0.012869
   33  -0.000348  -0.010021  -0.021310   0.031678
   34   0.032410  -0.047257  -0.006284   0.021131
   35   0.025916  -0.049861  -0.004720   0.028664
