pos        val_AA     val_AC     val_AG     val_AT     val_CA     val_CC     val_CG     val_CT     val_GA     val_GC     val_GG     val_GT     val_TA     val_TC     val_TG     val_TT   
36.370000   0.000000   0.729417  14.954257   5.576233  -6.748317  -3.642989   4.508721  -3.294312  17.171094  -0.203731  -0.394584  -1.955991   4.056921   0.007557  -4.462867 -10.734243
36.380000   5.021089   8.749735  -0.502290   0.000000   2.394057  -7.456087   1.034047  -1.017022   2.465770   0.360597  -0.740095  -0.154102  -2.044069  18.363510  -7.165648   7.152581
36.390000   9.313026  -5.005090   9.299768   0.000000  -9.607025  -4.030018  -4.794378   1.061480  -7.301379   0.569523  -4.977127  -8.980028  -4.917121   8.537802  -6.210146  -5.890178
36.400000  20.249539  18.599951   0.000000  15.858646  43.532867  15.477630  12.539056   2.458343   2.151910  14.169439   0.917771  14.396503  29.085837   4.296747  30.326610  13.056979
36.410000  -9.282650  -1.134925  -0.949389   0.000000  -3.549577 -10.460323   4.519567   7.761663  10.784184  -8.542749   9.812495   0.514104  17.179501  -7.652165   1.410945   8.987072
36.420000   4.759793  15.295319   0.000000  -2.975127  -4.706078  -0.677727   1.446728  -3.244382  -1.258130  23.596316  -8.183230 -30.596638 -15.613009  -2.540295  -0.058366  -3.327255
36.430000   0.000000   4.457440  -5.553574  -9.029668  -3.655551  -1.061677 -12.001739  -8.248165  -5.418113  -3.466750  -4.476060 -15.408268 -19.608473   5.721273 -15.972642 -16.489370
36.440000  28.880121  -7.548554   0.000000  22.896555  22.760196  12.038563  25.390431  25.995141  27.402839  45.270144  36.108312  44.785601  21.396679  40.235686  30.191420  26.004471
36.450000   9.446684   0.000000 -11.126348  12.795539   0.859566   0.975671   0.073112  -3.522546  14.971570  12.863703  -3.944332  -4.438501   3.131777 -11.181067 -14.487501 -15.212774
36.460000 -33.758885 -14.721192   0.000000 -11.515645 -12.454319 -12.517256   2.482801 -15.515778 -15.046271   0.960916 -20.429218  -6.050238  -9.410988  -6.195015 -12.299189 -11.506029
36.470000  29.470851  26.818769   0.000000  26.962083  30.346068  28.561094  19.400740  24.757269  35.584531  27.574361  28.105152  23.947589  47.334308  14.224438  27.005146  25.041896
36.480000   0.000000  -4.012411  -0.275240  13.743449  -2.504553  -1.225798   2.843685  -1.523933   1.128167   3.780457   5.982980   9.296902  -5.894332   3.740782  -1.712684   1.171682
36.490000  17.742935   4.742252 -10.255037   0.000000  22.540698  -0.842426   0.443910  -5.032845   2.166270   5.195539   8.634769   0.142170   0.880558  11.414392  17.184843  10.041081
36.500000   0.000000   3.331339  10.234684   5.086038 -13.133270   7.475878  18.347661 -10.354017   1.566525  -0.175525   6.741795  10.376355   1.892710  -2.936910   5.769559  -1.943636
36.510000   0.000000  -2.796017   2.660038   6.181675  16.289208  11.858159  -9.257278   2.863213  -4.359067   0.566799  15.860475   2.612215  19.984856   5.437476   0.165145   5.017260
36.520000   0.361869   0.000000  -2.605585  -7.348355   3.243752  -6.845066   5.765620  -8.164308 -15.875519  -4.263012 -20.416440  -4.684976  -5.216996  -4.330741  -5.302359  -8.551046
36.530000   0.000000  21.881909  12.566242  17.029986   7.461618 -10.398409  15.188889  14.240782  -0.736600  25.713957   2.727711  13.553565   7.874740  10.907308   9.363688  10.351959
36.540000   0.000000  -8.714110 -34.304698 -19.211271 -17.615956 -20.255498 -18.334927 -33.768405 -16.654035 -21.243034 -13.199998 -20.110120   1.298132 -21.350448 -14.402758  -3.447647
36.550000   2.659741  -1.395119  -7.266999   0.000000  -5.936638 -10.882436 -16.637265  -2.836068  -7.781138  -8.679826  10.711197  13.587107  -1.069481  -0.670227   4.653167  24.158612
36.560000  11.621159   0.490322  -2.701569   0.000000   0.816385   0.713835   0.010297   0.651029  10.600777  -4.435138  -6.224586   5.484001 -10.275223   6.207731   1.217898  -5.724179
37.380000   4.955404   8.076193   7.790997   0.000000 -14.510724  -1.059195  -0.864004   4.145165  -8.668332 -15.361711  -3.177534   6.871648  -5.310773   7.180250  -6.536011 -24.620751
37.390000  -7.955642   3.315335   5.665181   0.000000   7.663423   4.253889  15.086803  13.843129  -1.271570   6.534220   5.910214   6.384923   7.758144  23.794521  25.422794  11.719091
37.400000   8.504004   9.666128   0.000000  14.645654  15.863973   6.687669   2.099652   4.564340  -0.296600  15.229687  10.651785   7.691392  15.579023  13.195327  15.999302  25.743575
37.410000   1.567615  -8.969521 -11.412442   0.000000  -4.413295  -1.143528  -5.073204   1.231799 -12.004216   0.477246  13.783633  -9.632418  -9.158811  -1.024574 -16.102757  -7.542260
37.420000  -4.036153   6.944162   0.000000  10.922176  18.563888   1.506888   9.552851  -4.727024   7.781210  25.057872  -9.994033   8.753774 -12.736341   4.682743   4.019651   4.726295
37.430000   0.000000   2.125788   6.970689   1.368575   2.353143 -11.759347  -2.962540   1.423815 -11.320258  -8.119654  -8.378363 -12.568288  -3.752745  -1.073937   4.074622   4.490363
37.440000  23.340720  20.452111   0.000000  22.193389  26.760960  21.186699   9.907264  18.823611  22.628929   1.713689  19.784551  16.466642  21.129093  25.375994  14.069365  32.798268
37.450000  18.351202   0.000000 -14.759568   5.972732  10.655938  19.349059   5.155722  14.656222  10.653316  34.060963   3.813199   9.937453   3.049395  15.380743   4.957540   2.642035
37.460000   2.298388  -2.931677   0.000000  -0.682538  10.875690  -5.287999   3.637948   6.134970   0.342177   1.690809  -6.922426   0.273697  -7.470915   0.240613   0.995251  -0.618594
37.470000  15.510539   1.055632   0.000000  -4.147084   1.327899  -0.506970  16.761833  15.887385   2.396817   2.380886  14.876202   2.897038  17.084907  -3.287138  -0.041960  10.109394
37.480000   0.000000 -17.559081   3.963157   3.262412   3.506380   4.006829   0.853647  16.600628   5.862689 -17.836799   0.011991   4.086812   6.713449   2.282758  -1.331059  -3.297821
37.490000  -1.966089   3.345022   3.352771   0.000000 -23.581092  28.723661   6.001338   2.895107 -12.259649  -4.556719 -14.127247   0.003135  -1.182337   2.374540  15.698124   1.534593
37.500000   0.000000   6.177857   5.079270  14.393037  14.723770  -0.376224   8.957562  -0.617009  10.166908  16.378859   9.188300  12.128938   9.228889   9.388929   6.801140   6.652778
37.510000   0.000000 -12.040061  -3.432785   3.064200   6.464045   2.420624  -4.955591  -4.073664  -3.112708   4.005042   7.600117  -2.471910  -6.283434  -2.334770   0.201349  -5.617956
37.520000  -8.242235   0.000000  -7.173904  -1.720191   0.285262  -5.450937  15.218834 -11.621615  -5.673894  -2.759507  -8.134340  -3.831208  -6.968517  -6.126849  -9.541011   6.867237
37.530000   0.000000  -7.538074  22.042018  -4.658344   2.522328  18.987216  18.916396  13.770168  -5.217654  27.646254  -4.683662   2.920439   0.918277 -11.793316  -0.802403  -2.092210
37.540000   0.000000 -13.116609  -9.075539  -5.616147  -7.331330  -8.778251  -9.153508 -12.430731  -3.669494   1.178695  11.463575  15.485170  -6.635908 -18.546267  -9.388727 -11.594558
37.550000   4.835953   0.859370  -0.467184   0.000000   5.550259   8.096216  11.175602  -0.673457  -1.287986  -2.845037  16.714013  -2.539221   2.132785  -8.491921   0.285981  -0.085944
37.560000  -2.846330  12.917071  -8.734006   0.000000   2.337750  -4.406998  11.184274  -3.427761 -11.762459   1.041218   2.908718  13.537929  19.276016 -15.233637  -3.365256  -7.395037
38.390000   1.408435   2.142007  -0.585530   5.814306   0.828739  -1.803746   8.604109 -11.157133 -17.217307   1.564762  14.773499  17.534577   5.441424  -0.008613   1.957732   0.000000
38.400000   2.610572   3.341471   4.264186   5.260709  -2.113359  -2.599251  16.221333  -2.870109  -0.114608  12.527144  -4.461643   0.410154  -2.309879  16.678271   0.000000   0.179650
38.410000   1.486774   9.797991   3.271837   5.323733  19.611490  16.848145   2.701103  -0.193013  25.293645  13.668283   2.448154   2.258872   3.196540   7.528032   5.121286   0.000000
38.420000   5.858408   0.133455  -9.689851  -7.557125   0.457688  16.589168 -12.302920   2.673424   1.803199  -1.164474  -0.714143   0.259698  -2.399404  -3.714430   0.000000   1.077448
38.430000 -15.761718  20.824095   6.203469 -14.292623   1.262555   6.039104   2.694669  20.296408   2.180981  -2.801856  20.181498  -6.473111   0.000000 -10.612653   0.247072   2.507598
38.440000 -18.203878 -17.902598 -11.558264 -12.785915 -15.874922 -10.130245  13.402035 -15.899758 -17.130215 -10.405357 -24.169051  13.947307   3.918813  -8.441378   0.000000 -16.006816
38.450000  16.233236 -10.197931 -11.909756  -0.493371  -2.646732  -1.083112 -12.603644  -1.724935  -3.518716  -7.145200  -2.062641  -4.872581   3.265369   0.000000  -5.246923   0.747578
38.460000  -2.862815  -5.938845   2.196877   5.827685   1.286300   4.978715   7.164541   2.148960   1.307948   2.501010  18.323778   0.970805  14.639628   3.189589   0.000000   6.282079
38.470000 -14.088750 -24.006886 -14.856733 -13.294016 -12.765012 -14.953461 -10.903006  -4.497677 -13.425752 -20.834571 -18.984461 -20.948026  -5.609489  -4.104501   0.000000   0.562147
38.480000   5.379052  -8.960867 -12.528664  -2.594134  -2.126846   0.403200   2.619437  -3.923815  -2.481252  12.843463  -7.484876  -0.802902   0.000000   1.439878   0.899060  -1.620760
38.490000   0.501069  -6.516362  10.839545   2.716324  -0.584971   5.075503   6.730835  -3.747613  -2.422432   4.243351  13.987461  -1.416302   7.756513   1.457195   7.616424   0.000000
38.500000  18.983694  30.092980  16.623439  19.257664   9.194888  -0.071329   0.238373  19.441929  17.152455  18.593512  15.035032   6.557426   0.000000  26.776075  13.252603   8.730084
38.510000  10.982956   0.902059   5.976125   9.191114  -9.925663  14.769117   3.492495  -3.306190   6.769345   5.033597   4.424686   6.563635   0.000000  14.420940   2.620986 -10.808647
38.520000  -4.957850 -20.675196  -8.323016   0.881158   7.160230  -4.764143  -7.455405 -24.213549  -6.896196  -8.039501  20.866261  -4.327827  10.454679   0.000000  -3.000515  17.332773
38.530000  19.262160  15.581385  29.247061  28.266272   3.381776  14.090550  15.108540  15.607551   6.422660   7.978525  16.402433  19.018179   0.000000  16.204457   6.087796   9.782525
38.540000   6.360289  -1.386239  -2.484992  17.306630  -3.454947  -1.127903  -0.013437 -15.677298   4.413461   0.709568   0.589311   3.450041   0.000000  -0.110863  -0.803353   4.962574
38.550000  -9.672271   5.813656 -18.663217  -9.353725 -15.708510  -9.458132 -11.483951  -6.368855  -4.041078  -7.947188 -24.820601 -38.145005  -9.539872 -12.071041  -3.724730   0.000000
38.560000  -3.262690  14.209462  -0.929982   3.080648   2.629883  11.069009  17.598229  13.566788   3.650199  26.310297   4.376849   2.859309   2.392881   3.131063   2.165653   0.000000
39.400000  12.749775  21.054961  22.213884  11.075432  19.546754  18.931500  10.157138  21.217409  19.145476  13.404339  15.456795  16.148577  20.830558  15.876526   0.000000   2.071695
39.410000  46.836194  44.392637  40.236867  27.851773  28.368277  30.010280  24.981443  27.937606  27.670875  25.666407  43.028310  27.306816  28.080846  19.746902  32.374888   0.000000
39.420000   0.169207  -2.523778  -3.300934  -5.615269  -1.375818  -5.099944  -3.493748  -4.341661  -9.595673  -6.882559   6.743055   7.008928  -3.295975  11.108154   0.000000   3.050448
39.430000   3.836732   8.464658   2.056878  11.152780  12.207025   1.700708   6.530031   9.187697  10.835531  10.626563   2.657753  -4.530888   0.000000   5.755730   7.469760  10.268648
39.440000   1.785296  18.446598   8.630268   0.023007 -14.546760   2.079176   4.010831   2.879010  -7.646666  -0.565735  13.397023   3.562151  -1.898160   5.693194   0.000000  11.057222
39.450000   0.775201 -13.297859  -3.438607  -1.394557  -9.803443  -5.980579  -5.084190  -2.214272 -10.471616  -0.180309  -1.610286  -3.415632  12.402538   0.000000   9.826597  -2.516169
39.460000 -15.664616  -5.885621  -0.556043 -13.078140  -0.484663  -0.061887   8.569701  -2.717896   9.220414   4.365647  -0.606567   0.437302   9.061148   0.910324   0.000000  -3.035117
39.470000   4.664225 -13.074560  -1.804563  -0.193884  15.420443   3.070599   1.271237  -1.666865   8.631482  -9.657987  -0.233299  -0.078376  -5.869818   2.695913   0.000000   4.920323
39.480000   8.374787   4.492326  12.673741  10.933743   1.702714  16.877084   4.515767  17.254351  -7.148329  13.819530  -6.112827   3.917306   0.000000  33.531219   1.407872   9.621853
39.490000  -9.730912 -16.316905 -21.160858  -4.278770   2.215096 -14.465492 -24.778686  -7.390676  -7.172072 -28.865419  -7.226425  -6.852162  -3.251729  -4.030785   2.560379   0.000000
39.500000   3.430589   0.243953 -15.078143   5.324110   2.267142  -0.103190  -0.187056   3.328753  -3.357703   1.105531   1.991454   3.106144   0.000000   1.877133  -2.426714   2.864559
39.510000  -1.383971  -1.549742  26.737604  12.969112   5.157767 -34.048167  -1.732074   3.041631   4.951338  -2.839212   0.391999   0.369194   0.000000   1.919908   0.253468   3.909081
39.520000  -5.563563  -0.473020   4.233420  -6.144164  -3.107026  -2.324141 -10.354623  -2.669866   1.003809  -3.176654  15.442649   3.314542 -13.967805   0.000000  -2.605431   2.556907
39.530000  15.934122   7.390546   7.252802  11.565934  22.533872   9.574337  10.859560  22.280368  11.973449  14.043976   7.455711  20.014179   0.000000  10.620392   7.577583  12.388840
39.540000  -1.802099  -1.073867  -3.960421  -9.908519  11.730073  -7.941447  -5.537621  -2.603178  -5.463537 -14.338270 -15.741412  -0.664169   0.000000  -2.500070   3.133551   2.070076
39.550000  -3.758150   0.532751  -7.304713   4.519792   0.594425  -6.823774  -6.604553 -12.780020  -7.225633  -2.497124   5.178507   1.803070  -0.614856   0.340415   0.222311   0.000000
39.560000   2.771688   4.170254   6.443645  16.735404  -3.930928   0.665341   5.262028   2.733832   8.210554  -1.054052   2.662076   4.039690  21.255369   1.535584  13.307743   0.000000
40.410000   5.760365   4.342679   1.633684   2.986610   2.885654  -0.262197  10.010047   2.393868   2.282291   9.010902  -0.816484   0.000000   3.083856  -3.039922   0.570061   3.427006
40.420000  -7.546908  -6.052983  16.258554   1.762600   1.122573 -14.760474   2.590842   0.114617  -3.642603  12.772584   0.000000   2.220227  -1.179365  -4.455886   4.375427   5.327962
40.430000  21.840265  29.332860  12.268890  24.927696  12.793681  10.166780  50.202791  11.275925   0.000000  16.614984  16.337363  25.115825   2.417001   5.265629  18.898486  10.808021
40.440000  29.802993  -0.049681  -1.141588   8.265795  -0.926582  -0.010364  -0.420266  -8.307996  -1.220669  -1.276719   0.000000   0.960752  -1.845505  -4.231700   3.305372   0.883050
40.450000  18.762660  21.225277  31.276688  27.781713  21.526850  21.289968  28.362687  25.235696  22.464484   0.000000  19.694909  25.471119  26.697103  31.427166  25.307584  21.358464
40.460000   6.420922  -3.998874  12.472071   8.152450  -8.179401   6.473222   2.487688   9.985503   1.950277   9.787251   0.000000  12.931572   6.461124   3.057526   4.513073  12.021183
40.470000  -5.163067  -4.859653  10.815345  16.578569   1.637580  -7.715620  -3.576530   2.924299 -16.112334  -3.569262   0.000000  -7.918252 -14.986683  -4.713406  -6.270885  -8.553553
40.480000   2.404026   0.195105   0.374848   3.180382 -12.356736  -0.602216  12.524068 -18.858459   0.000000  -3.417531  -2.287105  -2.801350  -9.135912   5.957173  -5.299229 -11.016905
40.490000  29.768747  25.311995  15.440332  25.596680  20.530493  23.943525   8.776144  24.098344  28.224813  35.130439  26.126142   0.000000  22.070726  21.655361  27.992545  31.078823
40.500000  -8.461694   1.388054 -20.211429  -5.577813  -5.435649 -11.670683 -18.921973  -5.603949   0.000000  -3.526165  -6.780908  -0.105720  -4.425491  -7.822847  -6.077014  -3.056050
40.510000  10.669854   5.712051   3.242105  20.806416   5.575605   2.106841   4.327013  20.038508   0.000000   4.639240  10.273159  -3.702091  35.003202  27.454821  19.553368  -4.389902
40.520000  -9.147603  -0.327406   0.870918  -9.886629   3.446492 -11.727206   7.010564   0.533554   1.352272   0.000000   7.282402   5.304463  11.845425   5.240048   0.873658   0.343786
40.530000  19.346629   3.951966  -0.619607  -1.418976   0.729452   1.378507  -2.850699   6.376836   0.000000 -21.489886  22.432110  -0.372994  -0.272205  -7.473577  -0.151811   1.207181
40.540000  32.676563  32.176058  10.296204  21.472789   8.945483  38.853188  16.358859  22.308175   0.000000  15.681251   7.042335  24.175819  11.157981   1.272250  10.993095  17.522986
40.550000   4.277659  -4.382593   3.443017  -1.248996  -5.219754  -0.510777   0.598994  21.527224  -2.245829 -16.199419  -5.067198   0.000000   9.766184   7.350894   4.470538  -0.330408
40.560000  11.530775   5.929005  -8.242816  19.300564   3.289149   1.348412   5.814105   4.378340   3.546187   4.627934  -7.563242   0.000000  -1.533212   4.352943  16.992196   3.697649
41.420000  22.608886  22.110647  16.148890  15.075956  22.962142  29.526952  23.482094  27.203190  27.149415  33.298770  23.567863  24.689986  24.407982  21.810173   0.000000  45.752918
41.430000  20.586037  16.561918  28.459433  17.920528  16.228958  31.370478  19.344737  20.711225  20.031695  16.529549  19.177582  30.635399   0.000000  15.630871  21.099399  35.241166
41.440000  -8.870279  -2.854645  -3.506646   4.958304  -6.701145  -8.302909   2.408302  -5.539295 -21.723115 -20.213848   0.438569  -8.889514 -15.358446 -23.870574   0.000000  -7.633843
41.450000  -3.151209   8.997307   7.801448  11.156498   6.132425  15.356110  -2.125196   4.729926   6.622299   3.837845  -2.877563 -21.442901  15.820776   0.000000   4.979635  18.684055
41.460000  22.274866  24.291478  39.051195  22.401285  29.559130  21.685543  37.133100  17.287779  24.550835  22.106022  25.448825  26.869993  33.105626  33.171947   0.000000  19.997848
41.470000 -38.912757 -32.395497 -54.128992 -25.205683 -25.251999 -25.332279 -36.151762 -37.852005 -36.979432 -31.109949 -34.614171 -18.497528 -30.240563 -31.691598   0.000000 -47.557773
41.480000   6.051960   1.678234   5.784252   4.243572  13.158683  14.239422   6.121621   5.348719  -5.124265  14.502108  -2.240013   2.350098   0.000000   5.709990   9.567638   5.953153
41.490000  -0.584550 -14.606748 -12.545430  16.340875  -0.241072  -0.220193   0.865417   4.636637   3.670009  -6.600275   6.059553   0.882580  -8.313793  -0.424329  -1.255993   0.000000
41.500000   0.216916 -11.621070 -12.368331   1.697524   0.771608  -5.544800  -1.700557  -0.162441   9.691815  -1.500998   3.612010  -3.869930   0.000000   0.028401   0.690524  -2.335794
41.510000  15.959148   9.264274  10.563950  15.107264  19.826836  -0.938621  12.210118  12.720997  14.450730   5.996525  -1.064814  16.267725   0.000000  10.534657  16.751194  32.425752
41.520000   7.163641   1.090541   5.164776  -1.881070   0.624171   7.197227   9.726916   4.351399  12.680475   7.603502  15.162581  20.713579  -1.459706   0.000000  -2.452906   4.751182
41.530000 -27.035548 -44.635819 -22.453577 -26.695552  11.895376 -42.476075 -30.263652 -28.228105 -28.716249 -21.645353 -30.004402 -25.960942   0.000000  -8.920990 -27.303475 -28.598896
41.540000   0.396330   0.380623   2.289530   7.009894   5.220074 -25.982730  11.549480  -3.491837   1.991550   1.536949   1.829902 -15.997250   0.000000  -8.156132 -18.111008   2.244964
41.550000   6.686050  -3.895227   0.040836  -0.088556  11.368953  -1.302758   1.429741  14.483700  -7.191600   0.654810  10.875792   7.070303  -0.565868   6.745129   1.196636   0.000000
41.560000   6.344066  13.277153  -6.091664  -1.611087   9.651656  -2.145965   6.249117  -1.848282   0.799609   2.783850  11.132648  11.675005   1.507980  -4.521889  12.180494   0.000000
42.430000   5.717573   7.205979   4.542270  15.691605   2.949408   8.054273   8.067068  12.413450   0.000000  21.596001   2.068095   3.581018   6.099731   4.103757   3.965578  21.550110
42.440000  18.163996  -3.621400   3.726793  15.948593   4.732721   4.290635  19.832854  20.553476   9.284238  -1.485706   0.000000   6.011403   3.352688   0.674685   3.970622  19.032372
42.450000 -10.584474  43.274354  20.438802   9.553245   5.941204   6.182563  15.876878   8.337790  34.100794   0.000000  14.023101  24.643159  11.982783  17.146183   5.564636   8.586665
42.460000  13.032877   8.049723  13.653698  10.663724   8.850573  14.315986  18.065648  21.802431  21.367811  14.958737   0.000000  20.583777  23.048698   9.206911  17.519020  15.411766
42.470000   5.146940  -4.608295   0.564330  -7.219201  12.555684  14.199679 -12.341115   2.746295  -1.601134  11.669345   0.000000   4.008388  19.330694   6.830844   7.924430   6.946277
42.480000   4.199188   0.031012  -0.368428   0.888348   6.784241  -3.919514   2.854529   6.905978   0.000000   1.519470 -30.405533   8.425899  -1.495560  22.756845   7.300430   1.443375
42.490000   7.419239   8.599987   8.680332   9.320599 -12.127308   8.599066   8.203998   8.240022  17.914562  -2.993580  -3.600342   0.000000   6.208077 -14.007070  14.467237   6.637166
42.500000  18.203458  19.990587  22.844390  25.666979  29.953089  22.712832  25.713931  23.672106   0.000000  40.982641  15.380430  15.759830  19.512771  21.443330  35.367040  19.177358
42.510000  18.063014  13.416652  14.479742  21.073110  19.629201  11.525931  17.620279  16.799115   0.000000  14.601119  26.844993  16.839656  20.563675  13.425260  20.631636  19.447974
42.520000  -7.756937  -9.246983  -5.737202  -5.396173  -3.568053  -8.424950  -8.140557 -17.055354  -8.588653   0.000000  -9.004742 -10.303168   6.750277  -7.378657  -8.091372  14.498030
42.530000 -11.023154  -3.752162  -4.712353   6.342325  -7.985524  -3.018659  -2.287913  -4.866914   0.000000 -11.487792  -5.095899  -9.262648 -18.497908  -1.442224  -9.770740  11.787426
42.540000   3.375405  -6.714447  20.655150  -1.743004 -17.688064  -0.157697  -3.654312  -3.405226   0.000000  -5.060626  11.673064   0.036553   3.342475  -6.605785  -7.927715   1.475975
42.550000   6.401202  11.951998   3.675298  14.193875  -7.246720   0.279795  14.964241  -2.226118   5.728219  -5.883227  -6.928324   0.000000 -11.318031   7.547525  -5.391789  -6.350343
42.560000  10.357265  11.596430   0.606789  15.124161   5.184671  14.183537   4.426768  16.026151  13.899483  -0.221231  13.584452   0.000000  -1.124442   4.611022  14.326939  14.790120
43.440000  -2.636308  -5.705749   0.000000   4.775679 -12.851720  -2.408976   3.807215  -2.517172  -7.718710  -5.894308   2.077022  -8.665154  -4.414591   3.423057   3.259651 -10.174116
43.450000  14.361726   0.000000   2.822014   4.550855  18.574034   6.883833  19.771169  10.207907  13.799019   7.591381   6.657857   8.045778  -3.806518   9.484469  19.178264  14.491415
43.460000  10.440253   0.775923   0.000000   1.635426   5.158084  -0.162158  -3.440112   4.571798  -9.751332   5.365552   9.081196   1.660591  -1.146978   0.078400   2.573941  -3.651494
43.470000   6.346021   6.688945   0.000000  20.351942   7.799946  16.822995  10.713724  12.301862  11.041634  10.465673  20.758045   7.826021  12.205632  16.956890  -0.461342  10.559929
43.480000   0.000000 -16.249721  -0.861848  37.982560  -5.324666  -1.222670  -8.771297   4.896415  -0.767356 -17.652080  -8.435712  -9.571606   2.870027 -13.380448   5.853215  -8.315429
43.490000   2.098920  13.598948   9.707660   0.000000  11.091663   2.443666  15.764905   4.425931 -13.958540  40.995027   6.513022   0.805275  19.167249   8.952740   0.454700   8.884835
43.500000   0.000000 -15.309942  -4.933437   6.103410   6.247917   0.963682   5.110391   4.414199  10.835090  18.093804  18.665025 -11.433620   0.908589   2.000168   5.621647  10.317879
43.510000   0.000000   7.586737   4.699893  -5.802263 -11.004329  -8.198467   8.928296   2.581747   5.731461   9.664873   6.122299  13.511479   6.995076  -0.841984  12.829143   7.526644
43.520000  -4.077198   0.000000  -5.252470   0.071906 -17.209768  -3.987137 -14.534053 -10.945637 -15.883489   5.784804 -23.925235  -9.455093 -19.326588  -5.979206  -7.074892  -6.444373
43.530000   0.000000   2.325585   0.909293   9.953954  -4.377842  -2.717369  -0.354811  -0.056624  -2.484511   0.362599   1.619404  -1.045382   0.658616   0.134908 -11.735194 -21.481771
43.540000   0.000000  19.674018  19.096954  18.713889  23.485666  12.686176  20.719886  19.490218  19.759111  19.367185  24.106440   0.371218  23.320159   9.852983  13.073114  15.158207
43.550000   2.365634   3.343362  -0.590469   0.000000   3.224848  12.185021   3.144606   9.679229   3.482055   4.031641   1.489799   9.684569  11.836183   4.769268  -2.360658   5.251978
43.560000  -6.689861   4.770608  -8.156225   0.000000  10.945678   1.003323  -7.873300   1.049228  -0.199516   2.957710  -3.134430   4.085869   2.932431  -7.156133   1.320680 -10.935492
44.450000   0.110720   2.543681  -3.649233   0.571578  -3.815429  -5.740066   6.674965  -0.072399   1.561467   0.000000  13.009502  -0.719190   1.217138   1.548134   1.140190   4.019417
44.460000 -16.545738   3.029908  -5.260442   2.007299   3.108721  -6.285568  20.270901   3.998516   5.118976   4.072000   0.000000  -3.714102 -20.431197   4.392642   5.723346  -1.158978
44.470000  13.185653   4.242472   4.489859  -5.370743  11.760854   3.159449   9.028719  -3.490166   0.637899   8.376865   0.000000  -6.949563   7.891575   3.426968  -9.052415   2.210525
44.480000  -2.205863  -1.875720   2.700890  -5.898508  -0.832218  -7.667769  -0.649399  -1.354876   0.000000  -1.969597   0.781290  -6.973154   3.632604  18.201118  22.846417  -9.106769
44.490000   1.010309   8.067970  11.096227  21.083671  14.309774  11.581414  21.773525  11.363505  13.118489  17.140447  14.427536   0.000000  -1.348685   9.962181  15.532370   8.790715
44.500000  -3.485115   2.482127  -0.592108  -6.297322  -1.400131   4.539112  -0.693432  -2.902865   0.000000 -10.821808  -1.374592   0.807092  -7.125631  -4.495725  -6.815411   7.311263
44.510000  13.510343   4.070164   4.436717   8.864945   0.591642   4.693202  -0.546204  16.125062   0.000000  -6.485659   3.131848 -12.245642   4.324793   4.305431   9.687836   4.641544
44.520000 -12.964930  27.251621  17.909391  28.966127  19.792590  11.251583   4.218471   9.342206  16.173870   0.000000  24.268359  17.044303  28.512412  28.030902  20.486443   5.600567
44.530000  -4.334333  -3.660290   3.874886   9.519209  -2.188717   3.625694   7.013941  30.947952   0.000000   8.107685   2.345459   2.893997   5.209246   9.588588  -0.693730  15.234962
44.540000  17.612990   7.730865  13.796626   7.350403   8.616978   8.490496  20.339888   5.446085   0.000000   5.631190   9.377041  17.522525  16.326078   2.187352   4.697984   8.947797
44.550000 -18.935415 -17.065246 -17.473926 -13.713558  -7.470120 -16.106932  -7.440642 -13.204727 -17.130357 -22.623305 -18.168802   0.000000 -23.854077 -26.610641  -8.492238   5.063597
44.560000 -11.621544  12.338879   7.123970   5.696755  17.288906   6.577466  12.451077   2.582357   6.823459  10.175383  16.077306   0.000000  15.451918  31.717570   1.207437  -6.477731
45.460000   8.490009  16.970053   8.560232   1.155582  13.709328   3.590515   0.000000   7.678543  -5.397551   2.764121 -29.699894   2.181842  25.382421   7.282761  13.670519  -2.097415
45.470000   4.847551   2.892728  12.039950   4.759909  -7.486427   5.779395   0.000000  -3.077477   4.729667  14.408005  -4.546237   6.770689 -10.180653   8.827793   9.220648   1.645243
45.480000  40.241641  32.890171  32.851264  27.114261   0.000000  24.986547  33.739604  41.658173  37.359528  29.390938  17.231940  36.562274  33.743673  32.716900  36.282052  28.921160
45.490000  10.038017 -11.761985   8.613139  -0.221580  -0.396554  -3.569105   5.235165   0.000000 -25.218613   3.835015  -1.269872  -0.447510   1.131156   3.604522  -2.922293  -0.170161
45.500000   0.539658  -3.749050   6.802007   1.916119   0.000000  -3.855124   0.069326   5.415070  21.606156  -2.517021   7.168006  -0.659696  -2.665284   0.399363  -5.570405  -2.039267
45.510000  17.206774  11.179513  -6.306974  -2.426523   0.000000  -6.908202   3.040167  -2.664230  -1.503466  -1.627086  -8.931399   8.116872 -12.471331   5.787432  -4.903338  -2.069658
45.520000  41.781048  45.511635  33.329407  31.789127  45.019965   0.000000  28.421619  33.225744  23.187430  40.723016  30.632363  37.069802  31.517066  42.114612  26.757898  28.324714
45.530000  16.795280  28.593629  21.186452  14.122301   0.000000  30.188014  12.790903  11.826005  13.723059  25.667974   8.971656   8.372192  28.024626  14.053894  15.730474   3.919054
45.540000  11.089734  -4.947453  -2.009609  14.041898   0.000000   7.418317  -1.136502  -4.432206 -15.835753  -2.206993 -22.138639  -3.531571  -5.224268  -4.562478  -3.691942  -4.200797
45.550000   6.629238  13.292111  14.032488   9.728246   9.853010  17.533850   0.958433   0.000000   9.498288  10.230046  15.969202   9.629165   8.835327  25.404943   5.566469  13.843110
45.560000 -18.359033 -15.829735 -10.564332 -18.190940 -24.142784 -17.248118 -13.639611   0.000000 -33.877442 -11.327396  -3.591821  -8.496002 -16.882174 -22.202741 -11.723385 -18.121385
46.470000  22.277072  -3.206632   8.888939  10.058600  -1.238189   4.036170   8.382748  21.195627  10.109833  12.747658   0.000000  10.889944  14.436639  11.217914  10.251264  11.388816
46.480000  -3.887063   3.123628   7.933897  -3.670023   5.108454   7.039061  -3.334997   5.589577   0.000000  15.560196   2.934231   4.158296   0.869431  -6.623488   4.110832  -0.912781
46.490000  19.106252  33.365947  13.997237  14.805206  31.861733   8.688068  10.176913   5.352540  13.333179  13.831854  15.347167   0.000000  13.381229  13.486914  13.874391  21.125679
46.500000   3.761681   0.841080  -2.692471   5.539876   4.790631   6.383468   4.168546   4.182997   0.000000  12.577785   8.322367  17.408296   3.476694  17.765321  -3.580513   5.781154
46.510000   5.897958 -18.271575   9.489547  16.999906   3.303146   3.038552  11.888418   2.420903   0.000000  11.467995  -8.530083   9.189487   7.910112 -21.051540   4.510188  16.892340
46.520000   2.723540   6.543465   1.416108  -1.721833   0.150836   1.620914   0.600986   4.471877   9.756634   0.000000   8.149515  -0.562853   5.787425   4.400058   1.183900 -14.409205
46.530000  20.561826  14.294943  19.069844  30.349184  23.708281  18.110641  21.499823  11.379448   0.000000  23.251643  28.100471  20.572794  28.567981  11.829022  18.474307  31.968006
46.540000   1.039980   0.615406   6.306297   7.681455  15.555284   3.765087   8.244784  12.922506   0.000000   4.284171   7.456347   1.923800   0.223212   0.512462   3.498943  -6.245425
46.550000   6.362598  10.323152   2.012280  -1.528436   7.674016   6.411068   7.995371  12.066081   7.944656   2.377615   9.562270   0.000000  14.535254   8.361203   9.532691   9.234900
46.560000 -18.028988 -29.287944 -35.623587 -19.172846 -32.981211 -22.427314 -11.491044 -22.702047   1.592940 -31.639536 -18.125267   0.000000 -25.945471  -9.498403 -20.775523 -25.518862
47.480000  -5.825566 -14.069704 -18.526750 -18.438702 -11.853354 -14.306883 -17.072291 -22.450175   0.000000 -11.943466 -21.524928 -22.489333 -46.099334  -9.030372 -24.805319 -19.802980
47.490000 -11.141699 -13.633146  -8.551028  -3.220578 -10.453735 -11.491743   0.238828 -29.307425 -10.025468  -9.739507 -12.213031   0.000000  -1.175262 -10.684423  -3.269677 -12.320966
47.500000   7.743605  -7.356422  11.964650   2.801738 -23.108786  -5.742210  -4.153782  -0.087446   0.000000  -3.599861 -37.969533  -7.597761   5.037684  -4.319213  -0.804637  -3.490782
47.510000  27.343652  24.818311  28.904239  20.257598  29.618108  14.629519  17.870604  21.766644   0.000000  20.538519  21.517248  21.003071  16.468979  16.723610  22.170899  21.012832
47.520000  -8.753229   6.363062   7.379399   0.611019   0.476786   5.401837  -1.141255   5.233068  -1.133917   0.000000  -3.866535   6.097993   2.559306   5.659189   5.661870   4.930050
47.530000   3.938861 -19.682462  -5.022533  -5.549325  -8.610180  -5.756861   0.309427  -5.424765   0.000000  -2.789720   3.907319  -6.061632   3.944021  -5.718358   0.526932  -2.510969
47.540000  -2.139357  -0.172718  -1.048847  -7.211017  -3.511134  -0.539811  18.673690 -25.680359   0.000000  -0.753321   7.252547   3.880866  -2.005759   1.672533  16.421797   5.353163
47.550000  12.166629   4.550328   5.049003   5.320782  15.044161   8.075043  18.132108  24.358970   7.293574   7.082542  26.043336   0.000000  21.066470  13.425951  10.646937  10.767567
47.560000  -3.008280   0.732925 -12.506894  -8.782962   2.198627   8.072493  -2.385651  -4.076742  -7.342250   2.884184 -14.740550   0.000000  -9.403107   4.751795  10.591364 -12.687756
48.490000  -8.472014   4.468953 -18.183504   0.000000 -12.861072 -17.870248 -17.901725 -15.416307 -23.451903 -20.820976 -32.222940 -19.496340 -17.813974 -16.240928  14.611594 -24.642809
48.500000   0.000000  15.238329  -4.070920  32.697873   2.825540   2.705493  -0.444015   3.047246  -0.806591   4.777804  -1.268603   2.115702   6.840954   6.467455   7.328612   4.701857
48.510000   0.000000  -0.114072  14.426097   7.592039  17.519413   6.168680  10.752435   0.271114   8.949571  23.254097  11.407005   7.708359  15.353610  16.846571  10.503144  12.444240
48.520000   4.390310   0.000000   2.759477   2.508302   0.262632   2.591774   3.126299   1.460538   3.897202   6.413330   8.489017   5.316362   1.751923   0.097609   2.668089   3.109239
48.530000   0.000000  15.150170  21.270223   9.269733  10.497388   2.626325   7.917975   9.844349  13.176377   3.394854   3.859702   1.953922   5.676229   6.968745  14.186266  -2.987761
48.540000   0.000000  -6.854935   1.504422  -8.183019  24.892956  16.697236 -14.579100 -17.355128  -7.597071  -9.130357  -0.435720  -3.637511 -13.720825 -17.093832   6.514057  -6.765249
48.550000 -26.325206 -20.774349 -34.417363   0.000000 -25.198025 -18.338464 -51.697752 -23.609650 -18.255126 -15.667169 -20.190124 -21.087680 -38.080944 -27.918164 -23.422668 -40.272507
48.560000  -1.255068  -9.179198 -10.184728   0.000000  10.826689  -5.237240  15.699722   5.123941   0.400841  -5.321289   1.465891 -12.840408   1.988709  -7.139847   3.377300  -0.282482
49.500000  16.644394   4.567328  12.891040  21.167668   3.011509  16.408229  10.105694   0.081073   6.060548 -13.463900   2.608240 -11.702185   0.000000  -9.342873   0.922128   3.888512
49.510000  -6.327279  -3.597019  -7.148673  -0.670821  -3.360160  -7.315273   0.570702 -19.092860 -32.648104   1.638981 -14.101742  -0.844266   0.000000 -11.526994  -1.147829  -6.978677
49.520000   0.575390   4.038768   0.339137  -6.711985   1.864116  -8.159756  -0.903313  -4.120817  18.312525   6.257990  14.186301  -3.289282   9.939696   0.000000  -8.947723   4.198696
49.530000   1.419075   5.793658   9.580203   3.153807   4.144296  14.021191  15.902639  12.881463   1.524024  -0.732210   6.290629   6.588798   0.000000   7.567850   1.636629  22.796701
49.540000   0.003158   4.495546  12.020729   9.910119   8.666341  -2.723051   8.160147   9.466452   6.747058  17.988111  10.664310  13.644714   0.000000   8.691588  -1.516624   7.718221
49.550000   8.382625  10.977040  12.943902   9.463677  -0.467767  14.147690  21.432966  15.465788   7.389758  19.476998  11.650886   8.066692  12.941874  10.423728  10.287051   0.000000
49.560000 -13.114992 -17.256500  -8.504776  -6.530095 -32.292288 -19.153240  -9.234985  -7.435247 -11.543329  -8.894176 -13.782260  -3.774496 -34.122288 -24.092023 -12.866424   0.000000
50.510000   0.000000   4.193806  -1.544747  -6.732509 -16.167481  12.154288  -6.622701   1.832286   1.803380  -0.613371   9.625281  10.951594   5.103549   7.027028   4.341716   3.971413
50.520000  -7.826801   0.000000   1.901635  10.929258   0.601124  -3.155420  -3.548238   9.515722   4.892606  -1.698349   7.025976   5.623896   5.479965   4.889166  26.538784   6.125440
50.530000   0.000000   6.054034   3.592297  -3.565605   0.156084 -11.001858   0.926968  -0.448419  -4.041428  -7.511659   9.686072   1.299466   2.441584  -3.765874  -3.270422  -5.190842
50.540000   0.000000  -2.989593   2.432769 -13.849586  -0.831192  -1.417637  -4.433133 -13.196283 -12.152264  -6.803882   8.315796 -13.104613  -5.644496   1.146530 -10.120935   5.886698
50.550000   1.874035   9.483786   0.742604   0.000000   5.865242  16.024806  -3.251951   6.637549   5.886654  11.806315   1.086607  11.463582   0.609517  -0.733682   4.495758   4.564406
50.560000  -5.061262  -7.385279  -2.248378   0.000000  -6.504498  -6.320174  -6.146040 -10.279030 -14.350253  -4.006772  -1.121702  -6.060897  -1.280168 -14.713743 -23.978878 -23.139136
51.520000  22.043471   0.000000  21.250868   6.952340   2.933281  12.476168   2.277377   7.258682   1.489450  -1.758772  16.732255   7.317911  15.754063   5.515288  16.315509  -2.122908
51.530000   0.000000 -14.002843 -15.032974  -6.206990 -28.777193 -10.771729  -9.425497 -14.305921  -7.019598 -12.566449 -10.226628  -4.524494   5.889856 -17.545040 -10.375349 -10.289639
51.540000   0.000000   2.509581  21.460374  -7.987996  -0.157279  -7.932729   4.264555   6.668899  -0.011661   1.328907   6.012218  -0.794199  -0.821893   3.662913   2.072037  -2.460260
51.550000  -1.990653  -6.846288  -5.649624   0.000000  22.341754   0.124121  -0.752081  19.037691  -3.967196   0.656969 -11.395012  -9.046114   1.843580  -0.801923  -3.753557  27.695127
51.560000 -20.589760 -15.114615  -9.889951   0.000000  -5.158652  -7.334424 -19.350910 -14.395741 -11.022755 -22.208390 -16.394302 -10.669459 -11.464208  -9.092285  -6.397205 -13.163332
52.530000  15.746725  14.437677   9.360650  21.918433   0.000000  18.035937  16.769857  16.844932  19.623404   9.557155  20.152990  17.144710  31.008668  13.097067  25.723896   4.349999
52.540000 -19.477205  -8.036299 -11.478397  -8.710500   0.000000 -12.223963   1.053769 -15.536235 -12.896213 -27.646560 -11.733897 -11.836474  -8.132623 -18.803787 -12.023612 -11.795570
52.550000   1.735956  12.385044   2.558724  -6.472100  -3.856563   2.370937   0.327926   0.000000  -0.569004   2.652963   6.562182  10.995409  -0.863746  -8.335266   5.399171   1.837714
52.560000   1.241138  13.728390  -0.579481  -1.334858  14.054798   0.105252   6.431467   0.000000  -7.402176   4.143787  29.869142  -1.672823  -1.536889 -11.395292   1.766840  -0.564309
53.540000   0.000000 -17.072917 -15.052863 -13.910066 -16.319846 -11.259417 -13.829803 -19.425682 -12.485152 -13.949855  -8.608564 -14.006383 -22.195451  -8.211699 -19.670810  -2.505847
53.550000   9.945274  14.140009  18.761058   0.000000  21.631172  12.543034  -5.774664  10.846018   8.837307  13.655788  -0.389881   8.011973  23.343981  15.710109   8.844444  15.623261
53.560000   3.912512   5.326605 -15.947583   0.000000  11.095310   2.366503   3.470340   7.772100   5.789892   2.900730   7.119512  10.210675   5.154947  33.614996   5.491051   1.853329
54.550000  11.861879  15.481242  20.290527   0.000000  13.550320   6.887519  17.198325  15.475113  14.682867  10.874924  14.103700  18.502258  -7.916386  18.056134  26.108703  43.813098
54.560000 -16.696526 -12.494627  -8.722126   0.000000 -15.336059  -5.271491 -16.421572 -16.263305 -14.437927 -19.709521 -10.444509 -15.399156  -1.838198 -20.764231 -14.206961 -19.370518
55.560000 -10.590863 -16.104968  -3.944523  -8.913939   0.482629  -2.691929  -8.366436   8.310479   0.295587   0.618657  -1.992145  -7.415416 -13.456851  -9.534162  -5.723140   0.000000