  pos      val_A      val_C      val_G      val_T
    0  -0.137430  -0.015783   0.036788   0.116424
    1  -0.055921   0.004188  -0.020467   0.072200
    2  -0.145104  -0.202263   0.242620   0.104747
    3   0.005305  -0.067151   0.221439  -0.159593
    4  -0.067914   0.135052  -0.067051  -0.000087
    5   0.128454  -0.082050  -0.058295   0.011891
    6   0.028447  -0.027017  -0.026082   0.024652
    7  -0.008185  -0.012033  -0.000418   0.020635
    8   0.027114  -0.040914   0.001406   0.012394
    9  -0.025192  -0.000820  -0.011775   0.037787
   10   0.007868   0.000389  -0.015319   0.007062
   11  -0.005206   0.007263  -0.028300   0.026243
   12   0.104276  -0.047676  -0.013982  -0.042618
   13  -0.033657  -0.016292  -0.004399   0.054348
   14   0.015802  -0.019787  -0.012770   0.016756
   15  -0.014594  -0.000568  -0.004888   0.020049
   16   0.040684  -0.006399  -0.032967  -0.001318
   17  -0.000541  -0.018911  -0.002685   0.022137
   18  -0.004415  -0.003570  -0.027293   0.035278
   19  -0.060544  -0.061197  -0.034673   0.156414
   20   0.067445  -0.024871   0.042372  -0.084946
   21   0.031085  -0.069586   0.061713  -0.023212
   22  -0.005328  -0.111898   0.119468  -0.002242
   23  -0.082312   0.057319   0.030932  -0.005939
   24  -0.180414  -0.004219  -0.131466   0.316098
   25   0.322055  -0.210134  -0.034805  -0.077116
   26  -0.075610  -0.078396   0.030038   0.123968
   27   0.159994  -0.056304  -0.071991  -0.031700
   28   0.125473   0.063153  -0.084699  -0.103927
   29  -0.117062  -0.161649  -0.019595   0.298306
   30   0.055196  -0.025422   0.040571  -0.070345
   31  -0.007469  -0.061491   0.051342   0.017618
   32   0.013050  -0.021210   0.012347  -0.004188
   33   0.042777  -0.011774  -0.036629   0.005626
   34   0.003808  -0.030718   0.002283   0.024628
   35   0.001842  -0.034187  -0.000838   0.033183
