  pos      val_A      val_C      val_G      val_T
   36  -0.067118  -0.050852  -0.062255   0.180225
   37  -0.012131   0.024290   0.002677  -0.014836
   38  -0.017345   0.044820   0.009478  -0.036953
   39   0.015402   0.080623   0.016257  -0.112282
   40   0.251762  -0.063772  -0.276994   0.089003
   41   0.009964   0.143536  -0.018754  -0.134746
   42   0.162542   0.100118  -0.342220   0.079560
   43  -0.125552   0.034421   0.061487   0.029644
   44   0.066710  -0.104031  -0.150719   0.188040
   45   0.468541  -0.312442  -0.217251   0.061152
   46   0.041316  -0.027097  -0.150759   0.136541
   47   0.031035   0.010584  -0.038214  -0.003405
   48  -0.046317   0.044567  -0.060894   0.062644
   49   0.095364   0.004711   0.005124  -0.105198
   50  -0.041497  -0.008575  -0.001943   0.052016
   51  -0.044378  -0.024603   0.033483   0.035498
   52   0.018026  -0.102927   0.029247   0.055654
   53  -0.066943  -0.025868   0.060626   0.032184
   54   0.007693  -0.016410   0.012957  -0.004241
   55   0.001123   0.028062  -0.013693  -0.015492
   56  -0.004906  -0.020947  -0.024224   0.050077
