  pos      val_A      val_C      val_G      val_T
   36  -0.049034   0.014913  -0.035856   0.069978
   37  -0.025041   0.068927  -0.021852  -0.022035
   38  -0.000489   0.017737   0.022408  -0.039656
   39   0.017854   0.059944   0.032680  -0.110479
   40   0.246333  -0.019293  -0.334412   0.107371
   41   0.036921   0.154580  -0.021935  -0.169566
   42   0.070850   0.179868  -0.358507   0.107789
   43  -0.167327   0.035492   0.073919   0.057915
   44   0.112198  -0.106341  -0.169685   0.163827
   45   0.425154  -0.287619  -0.164785   0.027250
   46   0.062122  -0.008709  -0.173418   0.120005
   47   0.023571  -0.005910  -0.027092   0.009432
   48  -0.057656   0.041811  -0.074127   0.089972
   49   0.083975   0.019300   0.011765  -0.115040
   50  -0.042106  -0.020746  -0.000278   0.063130
   51  -0.054994  -0.021646   0.036548   0.040092
   52   0.047103  -0.114072   0.020570   0.046399
   53  -0.065701  -0.037216   0.056888   0.046029
   54  -0.001365  -0.021101   0.016591   0.005875
   55   0.019429   0.040490  -0.019229  -0.040689
   56   0.003205  -0.052459   0.014121   0.035133
