  pos      val_A      val_C      val_G      val_T
   36  -0.036250  -0.027716  -0.006211   0.070177
   37  -0.018634   0.029118   0.004884  -0.015367
   38  -0.020885   0.014982   0.031657  -0.025753
   39   0.018649   0.077210   0.048742  -0.144602
   40   0.181152   0.003575  -0.300924   0.116197
   41   0.105160   0.101705  -0.014541  -0.192324
   42   0.124842   0.112410  -0.349431   0.112179
   43  -0.191387   0.052377   0.070813   0.068198
   44   0.058291  -0.103028  -0.160057   0.204793
   45   0.266483  -0.292418  -0.116176   0.142110
   46   0.093063   0.019377  -0.218898   0.106458
   47   0.038267   0.016393  -0.035201  -0.019460
   48  -0.081715   0.048990  -0.111095   0.143820
   49   0.080621  -0.012195   0.120267  -0.188693
   50  -0.072727  -0.012805   0.026532   0.059000
   51  -0.076366  -0.001440   0.028566   0.049240
   52   0.007547  -0.183504   0.010908   0.165049
   53  -0.097195  -0.002543   0.076476   0.023262
   54  -0.004692  -0.003002  -0.002577   0.010271
   55   0.028503   0.048196  -0.009482  -0.067217
   56   0.020661  -0.037398  -0.038345   0.055081
