val_A      val_C      val_G      val_T
 0.000000   0.002985  -0.004412   0.135679
 0.000000   0.097786  -0.001853  -0.001209
 0.000000   0.040725   0.064804  -0.023729
 0.146709   0.173713   0.171402   0.000000
 0.515530   0.366010   0.000000   0.388080
 0.227007   0.327446   0.170395   0.000000
 0.362852   0.348787   0.000000   0.357016
 0.000000   0.319830   0.279266   0.273768
 0.222999   0.088850   0.000000   0.325879
 0.752257   0.000000   0.167671   0.397476
 0.282253   0.234980   0.000000   0.399459
 0.000000  -0.050463  -0.062935  -0.064718
 0.017101   0.132690   0.000000   0.175006
 0.221376   0.157659   0.153305   0.000000
 0.000000   0.033830   0.058016   0.137477
 0.000000   0.051056   0.115915   0.125469
 0.151103   0.000000   0.155473   0.201641
 0.000000   0.009422   0.140311   0.137483
 0.000000  -0.015321  -0.001210  -0.004476
-0.032439   0.000000  -0.062271  -0.108934
 0.058665   0.000000   0.051717   0.099670