val_A      val_C      val_G      val_T
 0.008784   0.019732   0.000000   0.091403
 0.024873  -0.088136   0.000000   0.018752
-0.069797   0.000000  -0.233386   0.010207
 0.000000  -0.093157   0.034605  -0.124060
 0.131132   0.224059   0.000000   0.152664
 0.162745   0.226515  -0.162539   0.000000
 0.253816   0.269245   0.000000   0.263459
 0.000000   0.188472   0.023082  -0.010075
 0.250890   0.200917   0.000000   0.204580
 0.001210   0.000000  -0.204091   0.069654
 0.134704   0.189819   0.000000   0.240069
 0.102593   0.000000  -0.044876   0.016539
 0.000000   0.082824   0.010320   0.016719
 0.000000  -0.041217   0.007039  -0.458238
 0.004644   0.000000   0.031580   0.009584
-0.088906   0.081061   0.000000   0.014725
 0.120082   0.000000  -0.207805   0.151446
 0.000000  -0.341032   0.053964   0.096459
 0.000000   0.009569  -0.074875  -0.183978
 0.000813   0.038480  -0.078445   0.000000
 0.021149  -0.545231  -0.111230   0.000000