val_A      val_C      val_G      val_T
-0.015617   0.084274   0.000000   0.039612
-0.003161  -0.343138   0.000000  -0.010537
-0.120912   0.000000  -0.255411  -0.031773
 0.000000  -0.058600   0.112511  -0.095803
 0.010701   0.181009   0.000000   0.081314
 0.124155   0.265929  -0.210944   0.000000
 0.222211   0.246608   0.000000   0.250121
 0.000000   0.119596  -0.017663  -0.083197
 0.074398   0.182566   0.000000   0.135727
-0.099482   0.000000  -0.243360  -0.031518
 0.079617   0.155939   0.000000   0.174388
 0.029848   0.000000  -0.087919   0.031775
 0.000000   0.008114   0.020834   0.097536
 0.000000  -0.011877  -0.169191  -0.428440
-0.054529   0.000000  -0.027063  -0.055196
-0.074936   0.097014   0.000000   0.002099
-0.067207   0.000000  -0.258509   0.060864
 0.000000  -0.344747   0.033897   0.050250
 0.000000  -0.064479  -0.065976  -0.187952
-0.015627   0.047383  -0.086736   0.000000
 0.004577  -0.556112  -0.127506   0.000000