val_A      val_C      val_G      val_T
-0.005103   0.009573   0.000000   0.097089
 0.016506  -0.104321   0.000000  -0.004926
-0.022093   0.000000  -0.272517  -0.011022
 0.000000  -0.033520   0.010882  -0.116614
 0.066952   0.216067   0.000000   0.134905
 0.145917   0.209949  -0.153887   0.000000
 0.237143   0.294502   0.000000   0.267767
 0.000000   0.112309   0.003848  -0.076361
 0.235695   0.210600   0.000000   0.146456
-0.065017   0.000000  -0.276090   0.004615
 0.114827   0.110484   0.000000   0.226142
 0.080124   0.000000  -0.052723   0.074835
 0.000000   0.011322   0.010298   0.093448
 0.000000  -0.024742  -0.091158  -0.451331
-0.013142   0.000000   0.012314  -0.007024
-0.090348   0.118377   0.000000   0.004603
 0.058678   0.000000  -0.224067   0.114153
 0.000000  -0.365349   0.013315   0.050786
 0.000000   0.009020  -0.085258  -0.188070
-0.007841   0.174846  -0.068552   0.000000
 0.006102  -0.559717  -0.081629   0.000000