  pos      val_A      val_C      val_G      val_T
    0  -0.098748  -0.000329  -0.026086   0.125162
    1  -0.023984  -0.066243  -0.007723   0.097950
    2  -0.121245  -0.148682   0.199838   0.070090
    3   0.001091  -0.105452   0.233824  -0.129464
    4  -0.091348   0.150752  -0.042721  -0.016683
    5   0.111818  -0.073025  -0.054161   0.015368
    6   0.036940  -0.022464  -0.045071   0.030594
    7   0.021762  -0.035497  -0.020777   0.034512
    8   0.002192  -0.014839  -0.021528   0.034175
    9  -0.005034  -0.007448  -0.016171   0.028652
   10  -0.002770  -0.007532   0.011092  -0.000790
   11  -0.014721   0.000408   0.006072   0.008241
   12   0.022626  -0.003737   0.018495  -0.037384
   13  -0.006563   0.010409   0.010146  -0.013992
   14  -0.003437  -0.003414  -0.001866   0.008717
   15  -0.004137  -0.007629  -0.002815   0.014581
   16   0.003379  -0.007346  -0.013131   0.017099
   17   0.008620  -0.011921  -0.007370   0.010670
   18   0.015105  -0.016858  -0.024547   0.026300
   19  -0.025891  -0.008257  -0.029805   0.063952
   20   0.058105  -0.026763   0.029913  -0.061255
   21   0.013904  -0.043086   0.058152  -0.028971
   22  -0.005922  -0.113540   0.123071  -0.003610
   23  -0.043375   0.040224   0.005687  -0.002536
   24  -0.176464   0.025547  -0.153245   0.304162
   25   0.440943  -0.180919  -0.148938  -0.111087
   26  -0.061231  -0.032670  -0.044494   0.138395
   27   0.159508  -0.066903  -0.057249  -0.035357
   28   0.111491   0.072407  -0.086824  -0.097074
   29  -0.063272  -0.130500  -0.145350   0.339122
   30   0.047266  -0.020778   0.023917  -0.050404
   31   0.011884  -0.032416   0.004441   0.016091
   32   0.025275  -0.014535  -0.000934  -0.009806
   33   0.005912  -0.013065  -0.000234   0.007387
   34   0.019678  -0.001117  -0.007172  -0.011388
   35   0.006081  -0.007232  -0.009089   0.010240
