  pos      val_A      val_C      val_G      val_T
   36  -0.017554   0.011469  -0.012697   0.018781
   37   0.013280  -0.031654   0.009459   0.008916
   38   0.020802   0.041960  -0.112092   0.049329
   39   0.065116  -0.066477   0.096603  -0.095243
   40   0.038037   0.102592  -0.213234   0.072606
   41   0.104173   0.191700  -0.197279  -0.098594
   42   0.081237   0.101068  -0.253502   0.071197
   43  -0.170429   0.152193   0.048118  -0.029881
   44   0.077714   0.026314  -0.209106   0.105079
   45   0.042844  -0.041524  -0.158264   0.156944
   46   0.044863   0.058239  -0.222502   0.119401
   47   0.112446  -0.047253  -0.033549  -0.031644
   48  -0.017860   0.021222  -0.002161  -0.001202
   49   0.087902   0.090938   0.086061  -0.264900
   50  -0.028444  -0.034380   0.062691   0.000133
   51  -0.030025   0.019981   0.006350   0.003694
   52   0.109483  -0.075042  -0.179035   0.144593
   53  -0.067671  -0.196032   0.120053   0.143650
   54  -0.002233   0.092756   0.038204  -0.128727
   55  -0.035779   0.119770  -0.053256  -0.030735
   56   0.141367  -0.335204   0.062154   0.131683
