  pos      val_A      val_C      val_G      val_T
    0  -0.095037   0.000223  -0.025771   0.120585
    1  -0.045297  -0.006282  -0.025622   0.077201
    2  -0.114110  -0.163058   0.210622   0.066546
    3  -0.001418  -0.104401   0.233001  -0.127182
    4  -0.094991   0.136127  -0.037568  -0.003569
    5   0.110538  -0.061265  -0.044896  -0.004377
    6   0.037330  -0.016521  -0.048596   0.027788
    7   0.018559  -0.035556  -0.016951   0.033948
    8   0.005139  -0.011936  -0.023462   0.030259
    9   0.003288  -0.018444  -0.013519   0.028675
   10   0.003180   0.003878  -0.000967  -0.006091
   11  -0.016135   0.004108   0.000944   0.011083
   12   0.024303  -0.002349   0.015356  -0.037309
   13  -0.002173   0.013602   0.006737  -0.018166
   14  -0.013161  -0.010729   0.018721   0.005169
   15   0.003030  -0.016749   0.000025   0.013694
   16   0.005276  -0.007473  -0.012439   0.014636
   17   0.017016  -0.009278  -0.018616   0.010878
   18   0.022840  -0.029059  -0.025826   0.032045
   19  -0.034885  -0.009403  -0.027937   0.072225
   20   0.062206  -0.024437   0.035973  -0.073743
   21   0.007377  -0.043600   0.066195  -0.029973
   22  -0.005147  -0.118317   0.123882  -0.000418
   23  -0.036049   0.018419   0.014926   0.002704
   24  -0.169218   0.020779  -0.159246   0.307685
   25   0.433094  -0.140151  -0.182299  -0.110643
   26  -0.058929  -0.014629  -0.071331   0.144889
   27   0.166688  -0.063463  -0.077898  -0.025327
   28   0.116683   0.067259  -0.089224  -0.094719
   29  -0.052750  -0.112303  -0.170090   0.335144
   30   0.060081  -0.022899   0.021269  -0.058451
   31   0.009479  -0.030662   0.007113   0.014070
   32   0.027498  -0.016399   0.002309  -0.013408
   33   0.003146  -0.009692  -0.004785   0.011331
   34   0.021598  -0.019429  -0.004203   0.002034
   35   0.008232  -0.011856  -0.004948   0.008572
