  pos      val_A      val_C      val_G      val_T
   36  -0.038865   0.047864  -0.024917   0.015918
   37   0.085847  -0.250477   0.088112   0.076518
   38  -0.018683   0.100362  -0.151186   0.069507
   39   0.009727  -0.051816   0.122891  -0.080802
   40  -0.057381   0.102006  -0.065168   0.020542
   41   0.073585   0.231707  -0.258288  -0.047003
   42   0.032334   0.086920  -0.181108   0.061854
   43  -0.002792   0.102096  -0.018548  -0.080756
   44  -0.024166   0.084678  -0.098662   0.038150
   45  -0.006836   0.092353  -0.144402   0.058886
   46  -0.009280   0.039252  -0.097164   0.067192
   47   0.036247   0.004832  -0.078802   0.037722
   48  -0.030637  -0.024009  -0.007736   0.062381
   49   0.150517   0.139351  -0.013147  -0.276722
   50  -0.020142   0.033739   0.008496  -0.022093
   51  -0.075826   0.076833  -0.002653   0.001646
   52  -0.002377   0.065369  -0.187252   0.124260
   53   0.067166  -0.264394   0.096764   0.100464
   54   0.076409   0.008838   0.016501  -0.101748
   55  -0.003277   0.066439  -0.076794   0.013633
   56   0.187947  -0.415582   0.051338   0.176297
