  pos      val_A      val_C      val_G      val_T
   36  -0.018387  -0.011680  -0.028636   0.058703
   37   0.036279  -0.077015   0.012330   0.028406
   38   0.011100   0.076237  -0.173347   0.086009
   39   0.061770  -0.031980   0.088274  -0.118064
   40   0.013633   0.097067  -0.141655   0.030955
   41   0.121394   0.150119  -0.216060  -0.055452
   42   0.069515   0.078229  -0.206109   0.058365
   43  -0.050975   0.138432  -0.029853  -0.057604
   44   0.110122   0.029946  -0.171017   0.030950
   45   0.029048   0.027522  -0.162384   0.105813
   46  -0.018274   0.055456  -0.138790   0.101609
   47   0.091766  -0.014866  -0.078125   0.001224
   48  -0.022598   0.040971  -0.012299  -0.006073
   49   0.128419   0.057637   0.139162  -0.325217
   50  -0.009755  -0.008658   0.018964  -0.000551
   51  -0.093691   0.091324  -0.003679   0.006046
   52   0.088912  -0.027786  -0.197318   0.136192
   53   0.052406  -0.297954   0.098396   0.147152
   54   0.061834   0.071556  -0.019745  -0.113645
   55   0.000742   0.064329  -0.070526   0.005454
   56   0.168178  -0.377802   0.055950   0.153674
