  pos      val_A      val_C      val_G      val_T
   36  -0.012261   0.008912  -0.008445   0.011795
   37   0.008217  -0.018324   0.005551   0.004556
   38   0.027425   0.039638  -0.114496   0.047432
   39   0.068207  -0.067304   0.092378  -0.093281
   40   0.040856   0.099304  -0.228494   0.088335
   41   0.103785   0.199039  -0.208272  -0.094551
   42   0.080986   0.107440  -0.253511   0.065084
   43  -0.172458   0.138469   0.048609  -0.014621
   44   0.092056   0.050277  -0.225691   0.083358
   45   0.039597  -0.041352  -0.160278   0.162033
   46   0.051273   0.069283  -0.235545   0.114989
   47   0.116590  -0.047506  -0.031531  -0.037552
   48  -0.011862   0.014795  -0.000795  -0.002139
   49   0.088147   0.092092   0.081911  -0.262151
   50  -0.029214  -0.031429   0.063847  -0.003204
   51  -0.098241   0.041868   0.031245   0.025129
   52   0.101975  -0.070834  -0.175770   0.144629
   53  -0.065806  -0.194006   0.130000   0.129812
   54   0.005600   0.080497   0.037528  -0.123625
   55  -0.045459   0.112794  -0.027178  -0.040157
   56   0.126553  -0.306468   0.059995   0.119920
