  pos      val_A      val_C      val_G      val_T
    0  -0.092396  -0.002734  -0.031753   0.126883
    1  -0.050863  -0.043470  -0.009631   0.103964
    2  -0.125206  -0.143997   0.201503   0.067700
    3   0.007314  -0.101577   0.220579  -0.126316
    4  -0.092284   0.150075  -0.036803  -0.020988
    5   0.115645  -0.080517  -0.048014   0.012886
    6   0.034441  -0.022466  -0.046571   0.034596
    7   0.026796  -0.037977  -0.021688   0.032869
    8   0.001152  -0.013261  -0.020941   0.033050
    9  -0.004884  -0.009758  -0.011939   0.026581
   10   0.006357   0.002628  -0.007536  -0.001448
   11  -0.019751   0.002351   0.008563   0.008838
   12   0.019661  -0.007824   0.022405  -0.034243
   13  -0.009015   0.012288   0.012496  -0.015769
   14  -0.002219  -0.004309   0.001706   0.004822
   15   0.002860  -0.012473  -0.005439   0.015052
   16   0.004032  -0.005459  -0.014736   0.016163
   17   0.006962  -0.011917  -0.009345   0.014300
   18   0.019604  -0.022683  -0.024116   0.027196
   19  -0.042101  -0.009383  -0.020411   0.071896
   20   0.057897  -0.027760   0.035570  -0.065707
   21   0.009589  -0.034143   0.057273  -0.032719
   22  -0.007426  -0.115212   0.136738  -0.014100
   23  -0.041604   0.028086   0.013385   0.000133
   24  -0.198459   0.033911  -0.146876   0.311425
   25   0.427695  -0.172202  -0.141735  -0.113759
   26  -0.063315  -0.024222  -0.045796   0.133334
   27   0.158774  -0.070997  -0.062004  -0.025772
   28   0.107823   0.077825  -0.081562  -0.104086
   29  -0.039811  -0.160011  -0.140111   0.339933
   30   0.046300  -0.025258   0.027044  -0.048086
   31   0.010009  -0.035804   0.013951   0.011844
   32   0.028216  -0.016345   0.000350  -0.012221
   33   0.009393  -0.009359  -0.009354   0.009320
   34   0.013295  -0.004202  -0.002797  -0.006295
   35   0.000215  -0.003812  -0.006663   0.010259
