  pos      val_A      val_C      val_G      val_T
   36  -0.019432  -0.014667  -0.026358   0.060456
   37   0.034065  -0.078001   0.016318   0.027619
   38   0.004705   0.077788  -0.169817   0.087323
   39   0.066275  -0.027883   0.081985  -0.120378
   40   0.000814   0.135828  -0.133568  -0.003074
   41   0.114488   0.181926  -0.230481  -0.065934
   42   0.046460   0.107359  -0.212716   0.058897
   43  -0.050542   0.131905  -0.027860  -0.053504
   44   0.084615   0.039093  -0.169381   0.045673
   45   0.030697   0.026812  -0.163349   0.105840
   46  -0.026765   0.057351  -0.149786   0.119200
   47   0.093744  -0.014050  -0.077097  -0.002597
   48  -0.025677   0.056107  -0.015320  -0.015110
   49   0.116345   0.087889   0.125318  -0.329552
   50  -0.003114  -0.007718   0.012274  -0.001442
   51  -0.093208   0.084829  -0.000210   0.008589
   52   0.086011  -0.028368  -0.199074   0.141431
   53   0.049466  -0.279151   0.084049   0.145637
   54   0.061863   0.068389  -0.016788  -0.113465
   55   0.011138   0.053045  -0.074771   0.010588
   56   0.163689  -0.361952   0.045373   0.152891
