  pos      val_A      val_C      val_G      val_T
   36  -0.030493  -0.015817  -0.025390   0.071699
   37   0.039691  -0.081136   0.023185   0.018259
   38   0.054315   0.076408  -0.196109   0.065386
   39   0.034813   0.001293   0.045695  -0.081801
   40  -0.037529   0.111586  -0.104481   0.030424
   41   0.095422   0.159454  -0.204382  -0.050495
   42   0.037290   0.094649  -0.199853   0.067914
   43  -0.009949   0.102360  -0.006101  -0.086310
   44   0.087507   0.062412  -0.148188  -0.001732
   45   0.019106   0.084123  -0.191967   0.088738
   46   0.001964  -0.002379  -0.112863   0.113279
   47   0.054565  -0.025559  -0.078282   0.049276
   48  -0.028767  -0.017445  -0.018469   0.064681
   49   0.141808   0.117066   0.050650  -0.309523
   50  -0.011179   0.001963   0.014277  -0.005061
   51  -0.098506   0.110219  -0.008158  -0.003555
   52   0.071487   0.012809  -0.211258   0.126962
   53   0.075312  -0.290037   0.088627   0.126098
   54   0.066077   0.075097  -0.019181  -0.121993
   55  -0.032454   0.150233  -0.093165  -0.024613
   56   0.164913  -0.400906   0.077182   0.158811
