  pos      val_A      val_C      val_G      val_T
    0  -0.097157   0.002384  -0.027709   0.122482
    1  -0.028327  -0.053925  -0.011317   0.093569
    2  -0.117744  -0.145059   0.194167   0.068636
    3   0.002886  -0.104059   0.228069  -0.126896
    4  -0.088988   0.149318  -0.043691  -0.016639
    5   0.108941  -0.065302  -0.054883   0.011244
    6   0.037907  -0.023895  -0.042781   0.028769
    7   0.026279  -0.043317  -0.019568   0.036605
    8   0.002743  -0.008606  -0.026323   0.032186
    9   0.000999  -0.011784  -0.016315   0.027100
   10  -0.003414  -0.006545   0.014425  -0.004466
   11  -0.015391   0.006397   0.001272   0.007722
   12   0.020185  -0.002578   0.018891  -0.036498
   13  -0.008786   0.010635   0.013008  -0.014856
   14  -0.009635  -0.003680   0.004028   0.009287
   15  -0.000622  -0.004221  -0.011980   0.016823
   16   0.003528  -0.006114  -0.009368   0.011954
   17   0.008601  -0.011596  -0.007135   0.010130
   18   0.014567  -0.014246  -0.024725   0.024405
   19  -0.022064  -0.010773  -0.029184   0.062021
   20   0.058131  -0.027099   0.034871  -0.065903
   21   0.010945  -0.040298   0.060445  -0.031091
   22  -0.004989  -0.111848   0.119714  -0.002876
   23  -0.036734   0.033564   0.004434  -0.001264
   24  -0.164416   0.013437  -0.149536   0.300515
   25   0.452182  -0.161429  -0.205988  -0.084764
   26  -0.064040  -0.026792  -0.044769   0.135601
   27   0.162269  -0.067358  -0.064742  -0.030169
   28   0.110807   0.072708  -0.086499  -0.097017
   29  -0.052463  -0.139135  -0.148548   0.340146
   30   0.047551  -0.016438   0.025174  -0.056287
   31   0.009527  -0.028934   0.004289   0.015118
   32   0.025563  -0.008810  -0.002272  -0.014481
   33   0.010834  -0.014779  -0.007170   0.011114
   34   0.021339  -0.006974  -0.005566  -0.008799
   35   0.006909  -0.008667  -0.007886   0.009644
