  pos      val_A      val_C      val_G      val_T
    0  -0.097582  -0.000575  -0.025454   0.123610
    1  -0.028238  -0.057416  -0.011544   0.097198
    2  -0.121511  -0.144936   0.197491   0.068956
    3   0.003449  -0.104685   0.228143  -0.126907
    4  -0.090954   0.150768  -0.043209  -0.016605
    5   0.111752  -0.072143  -0.047830   0.008220
    6   0.035238  -0.023562  -0.041609   0.029933
    7   0.023586  -0.035009  -0.021841   0.033264
    8   0.004456  -0.012616  -0.023776   0.031936
    9  -0.005200  -0.009257  -0.012778   0.027235
   10  -0.005489  -0.008690   0.009167   0.005012
   11  -0.021119   0.009056   0.003607   0.008456
   12   0.021631  -0.001781   0.020097  -0.039947
   13  -0.006367   0.009789   0.010291  -0.013713
   14  -0.007097   0.000416  -0.002239   0.008920
   15  -0.003741  -0.007297  -0.005284   0.016323
   16   0.001799  -0.007691  -0.011851   0.017743
   17   0.007135  -0.011940  -0.007730   0.012535
   18   0.017291  -0.021688  -0.024875   0.029272
   19  -0.019826  -0.014207  -0.029870   0.063903
   20   0.058659  -0.027524   0.033727  -0.064862
   21   0.014664  -0.040893   0.057842  -0.031613
   22  -0.004022  -0.112133   0.120228  -0.004073
   23  -0.040615   0.035778   0.005955  -0.001118
   24  -0.187505   0.016192  -0.136655   0.307967
   25   0.442760  -0.174586  -0.181304  -0.086870
   26  -0.056900  -0.028512  -0.051525   0.136937
   27   0.159869  -0.069166  -0.061570  -0.029133
   28   0.110253   0.075035  -0.082424  -0.102864
   29  -0.043330  -0.138369  -0.156287   0.337986
   30   0.044847  -0.018872   0.026451  -0.052426
   31   0.011876  -0.028309   0.002108   0.014325
   32   0.019851  -0.007471  -0.001599  -0.010781
   33   0.008968  -0.010978  -0.006710   0.008720
   34   0.018376  -0.003612  -0.006370  -0.008394
   35   0.006358  -0.006712  -0.007147   0.007501
