  pos      val_A      val_C      val_G      val_T
    0  -0.093237  -0.002469  -0.029189   0.124895
    1  -0.053491  -0.032633  -0.012629   0.098753
    2  -0.122147  -0.151898   0.203356   0.070688
    3   0.006715  -0.100140   0.222688  -0.129264
    4  -0.089108   0.149669  -0.040983  -0.019577
    5   0.113083  -0.072828  -0.051961   0.011706
    6   0.036229  -0.023572  -0.045829   0.033172
    7   0.029628  -0.040954  -0.020520   0.031847
    8   0.000349  -0.010265  -0.021761   0.031678
    9  -0.004356  -0.007281  -0.011825   0.023462
   10   0.007279   0.000268  -0.010955   0.003408
   11  -0.018092   0.001494   0.008644   0.007954
   12   0.017607   0.001256   0.019386  -0.038248
   13  -0.008816   0.012534   0.015182  -0.018901
   14  -0.003868  -0.000798  -0.001717   0.006384
   15  -0.006665  -0.003498  -0.005488   0.015651
   16   0.001216  -0.006507  -0.010721   0.016012
   17   0.008481  -0.012240  -0.010080   0.013838
   18   0.020884  -0.024834  -0.025804   0.029754
   19  -0.044498  -0.010646  -0.020328   0.075472
   20   0.059931  -0.027560   0.035183  -0.067554
   21   0.009601  -0.032953   0.058199  -0.034847
   22  -0.009068  -0.113790   0.136433  -0.013575
   23  -0.043035   0.036055   0.008645  -0.001665
   24  -0.213297   0.043654  -0.149352   0.318995
   25   0.427390  -0.149315  -0.149540  -0.128535
   26  -0.062234  -0.024535  -0.047664   0.134433
   27   0.158885  -0.064973  -0.068850  -0.025062
   28   0.106564   0.072813  -0.079247  -0.100130
   29  -0.066524  -0.121762  -0.145761   0.334048
   30   0.043271  -0.017742   0.027776  -0.053304
   31   0.014407  -0.030371   0.004827   0.011138
   32   0.025225  -0.007572  -0.003221  -0.014431
   33   0.006002  -0.007978  -0.007835   0.009812
   34   0.015624  -0.003433  -0.004225  -0.007966
   35   0.003913  -0.008666  -0.005226   0.009979
