  pos      val_A      val_C      val_G      val_T
    0  -0.088838  -0.001374  -0.020246   0.110458
    1  -0.033770  -0.053170  -0.007252   0.094192
    2  -0.101702  -0.144359   0.182882   0.063179
    3  -0.006390  -0.099039   0.227202  -0.121773
    4  -0.091471   0.136098  -0.049566   0.004939
    5   0.108930  -0.067306  -0.049627   0.008003
    6   0.038770  -0.018799  -0.054777   0.034805
    7   0.029662  -0.041379  -0.027895   0.039612
    8   0.006206  -0.015840  -0.029190   0.038825
    9  -0.006092  -0.009285  -0.014332   0.029708
   10  -0.002986  -0.001902  -0.009243   0.014131
   11  -0.014669  -0.003721   0.007161   0.011230
   12   0.017973  -0.005707   0.016548  -0.028815
   13  -0.002716   0.013893   0.009937  -0.021114
   14  -0.001746  -0.006750   0.002456   0.006040
   15  -0.008201  -0.000393  -0.004755   0.013349
   16   0.003179  -0.007538  -0.014225   0.018584
   17   0.008037  -0.012755  -0.004164   0.008882
   18   0.018776  -0.018121  -0.026676   0.026021
   19  -0.036937  -0.010957  -0.024237   0.072132
   20   0.056911  -0.025420   0.035591  -0.067082
   21   0.012054  -0.048625   0.066064  -0.029493
   22   0.000526  -0.118284   0.121915  -0.004157
   23  -0.057741   0.060897   0.000238  -0.003395
   24  -0.161369   0.023826  -0.168717   0.306260
   25   0.441802  -0.139587  -0.181058  -0.121158
   26  -0.051980  -0.032402  -0.063157   0.147539
   27   0.169121  -0.068756  -0.068860  -0.031505
   28   0.113231   0.080101  -0.087368  -0.105965
   29  -0.050957  -0.131212  -0.159405   0.341574
   30   0.057009  -0.026141   0.022187  -0.053055
   31   0.012997  -0.034040   0.003372   0.017671
   32   0.028943  -0.007259  -0.006633  -0.015051
   33   0.012187  -0.022807  -0.004356   0.014976
   34   0.022729  -0.008926  -0.006095  -0.007708
   35   0.010077  -0.013230  -0.006421   0.009575
