  pos      val_A      val_C      val_G      val_T
   36  -0.042684   0.057207  -0.027067   0.012545
   37   0.086048  -0.253929   0.089209   0.078672
   38  -0.018888   0.102024  -0.153387   0.070251
   39   0.010473  -0.048127   0.122984  -0.085330
   40  -0.057555   0.112753  -0.068256   0.013058
   41   0.079370   0.221144  -0.255729  -0.044785
   42   0.042476   0.066873  -0.179735   0.070386
   43  -0.004684   0.114912  -0.022347  -0.087881
   44  -0.023775   0.084393  -0.098173   0.037554
   45  -0.005892   0.093590  -0.149770   0.062072
   46  -0.022869   0.053453  -0.102486   0.071902
   47   0.036422   0.006574  -0.081345   0.038349
   48  -0.031621  -0.023507  -0.010787   0.065915
   49   0.152377   0.140500  -0.016814  -0.276063
   50  -0.020332   0.034197   0.007134  -0.020999
   51  -0.080980   0.090970  -0.006044  -0.003945
   52  -0.000994   0.066213  -0.192296   0.127077
   53   0.065150  -0.279597   0.099047   0.115400
   54   0.079602   0.015123   0.013626  -0.108350
   55  -0.001882   0.061128  -0.072991   0.013745
   56   0.174337  -0.386352   0.042254   0.169760
