  pos      val_A      val_C      val_G      val_T
   36  -0.009794   0.006146  -0.005757   0.009404
   37   0.020745  -0.055381   0.017827   0.016809
   38   0.016524   0.047888  -0.118571   0.054159
   39   0.042682   0.021788   0.064409  -0.128879
   40   0.046939   0.095028  -0.217082   0.075115
   41   0.082239   0.195023  -0.171418  -0.105844
   42   0.075654   0.097830  -0.255093   0.081609
   43  -0.159425   0.148325   0.072862  -0.061762
   44   0.085869   0.022276  -0.217099   0.108954
   45   0.065386  -0.041645  -0.176277   0.152535
   46   0.038135   0.046836  -0.229133   0.144163
   47   0.125864  -0.047877  -0.038224  -0.039764
   48  -0.008397   0.006584   0.001024   0.000790
   49   0.086223   0.087847   0.089048  -0.263118
   50  -0.027641  -0.031591   0.071537  -0.012305
   51  -0.062526   0.028194   0.018753   0.015579
   52   0.107580  -0.076750  -0.182826   0.151997
   53  -0.065758  -0.208404   0.131587   0.142575
   54   0.008784   0.101257   0.033802  -0.143843
   55  -0.012737   0.095415  -0.076655  -0.006023
   56   0.130624  -0.296280   0.041458   0.124198
