  pos      val_A      val_C      val_G      val_T
    0  -0.087962  -0.004392  -0.020415   0.112769
    1  -0.035263  -0.047483  -0.009685   0.092431
    2  -0.103991  -0.147524   0.189778   0.061737
    3  -0.007105  -0.099182   0.227618  -0.121331
    4  -0.090133   0.137269  -0.048056   0.000920
    5   0.107883  -0.068133  -0.047569   0.007819
    6   0.036772  -0.018670  -0.054106   0.036005
    7   0.033942  -0.043727  -0.030389   0.040174
    8   0.006615  -0.027814  -0.020109   0.041308
    9  -0.006182  -0.011130  -0.013822   0.031134
   10  -0.001871  -0.004013  -0.013832   0.019716
   11  -0.018331   0.000738   0.007034   0.010560
   12   0.019512  -0.003098   0.016166  -0.032580
   13  -0.000277   0.014132   0.008092  -0.021947
   14  -0.001821  -0.008389   0.002430   0.007779
   15  -0.002465  -0.003310  -0.008460   0.014235
   16   0.005086  -0.005083  -0.017546   0.017542
   17   0.011342  -0.014412  -0.007984   0.011054
   18   0.015642  -0.020465  -0.026635   0.031458
   19  -0.038114  -0.005889  -0.025299   0.069301
   20   0.054891  -0.026007   0.038052  -0.066936
   21   0.011779  -0.048908   0.066658  -0.029529
   22  -0.000703  -0.117122   0.119096  -0.001271
   23  -0.055230   0.063017  -0.000627  -0.007160
   24  -0.163003   0.004632  -0.138465   0.296837
   25   0.444275  -0.181052  -0.146026  -0.117197
   26  -0.047151  -0.033238  -0.066962   0.147351
   27   0.169632  -0.074987  -0.062174  -0.032471
   28   0.114214   0.079664  -0.091541  -0.102336
   29  -0.057890  -0.135975  -0.155223   0.349088
   30   0.059840  -0.031216   0.022872  -0.051496
   31   0.014678  -0.038765   0.003838   0.020249
   32   0.031687  -0.011375  -0.006766  -0.013546
   33   0.015218  -0.023298  -0.010091   0.018171
   34   0.021964  -0.010618  -0.007344  -0.004002
   35   0.007699  -0.014816  -0.006013   0.013131
