  pos      val_A      val_C      val_G      val_T
   36  -0.035418  -0.002950  -0.024170   0.062538
   37   0.048280  -0.081965   0.018530   0.015155
   38   0.041969   0.079646  -0.195199   0.073583
   39   0.044553  -0.033189   0.065427  -0.076791
   40  -0.019004   0.094673  -0.101817   0.026147
   41   0.105433   0.126808  -0.192130  -0.040111
   42   0.037626   0.084393  -0.190273   0.068253
   43   0.001776   0.106064  -0.022065  -0.085775
   44   0.078804   0.063782  -0.140152  -0.002434
   45   0.023218   0.080019  -0.194439   0.091202
   46   0.014293  -0.009356  -0.103254   0.098317
   47   0.056537  -0.018118  -0.079098   0.040679
   48  -0.026061  -0.005934  -0.012138   0.044134
   49   0.144828   0.109334   0.051983  -0.306145
   50  -0.012614   0.003629   0.014346  -0.005360
   51  -0.073348   0.071194  -0.004047   0.006201
   52   0.084709   0.018327  -0.222883   0.119847
   53   0.077411  -0.301083   0.097188   0.126485
   54   0.064050   0.074526  -0.015705  -0.122872
   55  -0.058468   0.219713  -0.110570  -0.050674
   56   0.164221  -0.397685   0.077430   0.156033
