  pos      val_A      val_C      val_G      val_T
    0  -0.090329  -0.005677  -0.016042   0.112048
    1  -0.036930  -0.042712  -0.011545   0.091186
    2  -0.102262  -0.143915   0.184699   0.061477
    3  -0.007550  -0.101529   0.228615  -0.119536
    4  -0.093469   0.135914  -0.043634   0.001189
    5   0.106799  -0.066899  -0.046202   0.006302
    6   0.038445  -0.018949  -0.052359   0.032863
    7   0.027145  -0.039022  -0.028321   0.040197
    8   0.006186  -0.023331  -0.024302   0.041447
    9  -0.003891  -0.005396  -0.021571   0.030858
   10  -0.002323  -0.004073  -0.010932   0.017328
   11  -0.017599  -0.002546   0.006441   0.013704
   12   0.021779  -0.009119   0.015665  -0.028326
   13   0.000541   0.015505   0.009786  -0.025832
   14  -0.002118  -0.011037   0.005390   0.007765
   15  -0.002855  -0.005082  -0.005671   0.013608
   16   0.006365  -0.006679  -0.014984   0.015298
   17   0.010641  -0.014096  -0.005242   0.008697
   18   0.019142  -0.021244  -0.027439   0.029541
   19  -0.035901  -0.006174  -0.026496   0.068572
   20   0.054735  -0.026684   0.037696  -0.065747
   21   0.015404  -0.051055   0.063099  -0.027449
   22  -0.001933  -0.120871   0.124692  -0.001888
   23  -0.058975   0.066034  -0.002470  -0.004590
   24  -0.172221   0.012921  -0.142823   0.302124
   25   0.441420  -0.159550  -0.149206  -0.132665
   26  -0.050121  -0.037991  -0.059495   0.147607
   27   0.168233  -0.073979  -0.067491  -0.026763
   28   0.113052   0.081162  -0.089025  -0.105189
   29  -0.061664  -0.135469  -0.154321   0.351455
   30   0.060051  -0.029543   0.020351  -0.050859
   31   0.016229  -0.035696   0.002950   0.016517
   32   0.029913  -0.010077  -0.007080  -0.012756
   33   0.012115  -0.017271  -0.008085   0.013242
   34   0.022873  -0.012968  -0.006729  -0.003176
   35   0.009018  -0.013159  -0.007851   0.011992
