  pos      val_A      val_C      val_G      val_T
   36  -0.042727   0.052341  -0.025501   0.015887
   37   0.087285  -0.250638   0.088762   0.074591
   38  -0.017278   0.104510  -0.160466   0.073235
   39   0.009711  -0.052740   0.121612  -0.078583
   40  -0.057175   0.103069  -0.064750   0.018857
   41   0.078989   0.221572  -0.258938  -0.041623
   42   0.030626   0.090772  -0.185363   0.063965
   43  -0.001923   0.102860  -0.019194  -0.081743
   44  -0.016800   0.084795  -0.100119   0.032123
   45  -0.009570   0.092989  -0.147506   0.064087
   46  -0.015488   0.044990  -0.103483   0.073981
   47   0.039936   0.005929  -0.081739   0.035874
   48  -0.031459  -0.020535  -0.010660   0.062655
   49   0.154315   0.142488  -0.019008  -0.277795
   50  -0.020589   0.034909   0.007413  -0.021732
   51  -0.078121   0.083660  -0.006097   0.000558
   52   0.000287   0.067872  -0.198541   0.130382
   53   0.067088  -0.276316   0.102375   0.106854
   54   0.077645   0.011925   0.011808  -0.101378
   55  -0.004209   0.062569  -0.073216   0.014856
   56   0.174849  -0.389784   0.042411   0.172523
