  pos      val_A      val_C      val_G      val_T
   36  -0.041023  -0.009011  -0.022591   0.072625
   37   0.050571  -0.089628   0.019783   0.019274
   38   0.035447   0.084337  -0.192927   0.073143
   39   0.049210  -0.037395   0.069087  -0.080902
   40  -0.025796   0.103635  -0.110385   0.032547
   41   0.106678   0.146603  -0.210145  -0.043137
   42   0.041127   0.078588  -0.185793   0.066078
   43   0.008205   0.111613  -0.035870  -0.083949
   44   0.089472   0.061221  -0.148353  -0.002340
   45   0.016217   0.085568  -0.202304   0.100519
   46   0.008520  -0.007823  -0.105513   0.104816
   47   0.058438  -0.012674  -0.080202   0.034439
   48  -0.021974  -0.008553  -0.013292   0.043819
   49   0.152194   0.105830   0.045754  -0.303778
   50  -0.012531   0.002328   0.011894  -0.001692
   51  -0.083625   0.075501  -0.003748   0.011872
   52   0.078080   0.017832  -0.219618   0.123706
   53   0.074415  -0.284824   0.091676   0.118733
   54   0.079366   0.041239  -0.002699  -0.117905
   55  -0.018530   0.111871  -0.078485  -0.014856
   56   0.172716  -0.426737   0.089661   0.164359
