  pos      val_A      val_C      val_G      val_T
   36  -0.021196  -0.010248  -0.029980   0.061423
   37   0.036001  -0.077008   0.011128   0.029880
   38   0.003447   0.073244  -0.160142   0.083451
   39   0.045653  -0.047504   0.080258  -0.078407
   40   0.004168   0.097095  -0.126964   0.025700
   41   0.106065   0.169835  -0.219219  -0.056680
   42   0.057186   0.072615  -0.196630   0.066829
   43  -0.050370   0.138102  -0.027288  -0.060445
   44   0.086793   0.036820  -0.164097   0.040483
   45   0.034517   0.033307  -0.170784   0.102961
   46  -0.006444   0.048671  -0.141148   0.098921
   47   0.084029  -0.018564  -0.063440  -0.002025
   48  -0.027466   0.055358  -0.017146  -0.010747
   49   0.123104   0.081887   0.130143  -0.335134
   50  -0.006808  -0.011452   0.020128  -0.001868
   51  -0.090626   0.079341  -0.001720   0.013005
   52   0.104151  -0.015931  -0.223736   0.135515
   53   0.047652  -0.293380   0.101616   0.144111
   54   0.062321   0.071890  -0.012554  -0.121657
   55   0.010601   0.048268  -0.068657   0.009788
   56   0.179977  -0.386403   0.047598   0.158828
