  pos      val_A      val_C      val_G      val_T
    0  -0.096271  -0.001508  -0.030396   0.128175
    1  -0.047990  -0.045524  -0.010313   0.103827
    2  -0.121825  -0.152154   0.202674   0.071306
    3   0.008775  -0.098904   0.217558  -0.127430
    4  -0.084818   0.151596  -0.042537  -0.024241
    5   0.114650  -0.074397  -0.051246   0.010993
    6   0.039009  -0.024635  -0.047692   0.033318
    7   0.030959  -0.034696  -0.028668   0.032405
    8   0.006706  -0.016355  -0.025581   0.035230
    9  -0.001473  -0.013647  -0.010500   0.025620
   10   0.006085   0.010235  -0.016979   0.000660
   11  -0.020898   0.001962   0.010933   0.008003
   12   0.020226  -0.003868   0.020223  -0.036581
   13  -0.003476   0.013059   0.007987  -0.017569
   14  -0.003683  -0.002031   0.001407   0.004307
   15  -0.000978  -0.007523  -0.006844   0.015345
   16   0.001379  -0.006946  -0.009833   0.015400
   17   0.004964  -0.011726  -0.004416   0.011178
   18   0.013768  -0.015050  -0.025246   0.026528
   19  -0.048010  -0.003024  -0.019741   0.070775
   20   0.059727  -0.028979   0.033584  -0.064332
   21   0.012619  -0.037501   0.058039  -0.033157
   22  -0.009295  -0.115059   0.136785  -0.012431
   23  -0.042832   0.030998   0.011277   0.000557
   24  -0.192321   0.041894  -0.158939   0.309366
   25   0.436832  -0.163978  -0.156309  -0.116546
   26  -0.056153  -0.022407  -0.057270   0.135829
   27   0.158080  -0.066074  -0.060034  -0.031973
   28   0.105558   0.069947  -0.079522  -0.095983
   29  -0.064347  -0.103376  -0.166582   0.334304
   30   0.037060  -0.017447   0.025627  -0.045240
   31   0.009713  -0.035370   0.014971   0.010686
   32   0.026858  -0.020140   0.000332  -0.007050
   33   0.009339  -0.016568  -0.001590   0.008819
   34   0.011339  -0.002158  -0.004651  -0.004530
   35   0.003575  -0.006070  -0.003607   0.006102
