  pos      val_A      val_C      val_G      val_T
    0  -0.098944   0.003482  -0.025331   0.120793
    1  -0.044237  -0.018407  -0.016424   0.079068
    2  -0.110790  -0.169474   0.212364   0.067899
    3  -0.006973  -0.105586   0.230741  -0.118182
    4  -0.099572   0.138273  -0.037522  -0.001179
    5   0.108898  -0.060110  -0.050295   0.001507
    6   0.033599  -0.017552  -0.045858   0.029812
    7   0.021616  -0.037884  -0.016074   0.032342
    8   0.003659  -0.008176  -0.026420   0.030937
    9   0.002384  -0.010255  -0.016878   0.024749
   10   0.004700   0.003399  -0.006689  -0.001410
   11  -0.021470   0.012948  -0.004879   0.013401
   12   0.024430  -0.006321   0.014201  -0.032309
   13  -0.000393   0.015337   0.007788  -0.022732
   14  -0.006189  -0.004787   0.006520   0.004456
   15   0.004242  -0.015413  -0.003915   0.015087
   16   0.007853  -0.010390  -0.012619   0.015155
   17   0.013399  -0.010957  -0.013589   0.011147
   18   0.021023  -0.027385  -0.026965   0.033327
   19  -0.031996  -0.011310  -0.028071   0.071378
   20   0.059081  -0.026825   0.038193  -0.070449
   21   0.013349  -0.048777   0.063877  -0.028449
   22  -0.004072  -0.118338   0.119043   0.003366
   23  -0.032320   0.017162   0.013053   0.002105
   24  -0.174885   0.015730  -0.149527   0.308683
   25   0.443709  -0.176456  -0.158148  -0.109106
   26  -0.052361  -0.031573  -0.061161   0.145096
   27   0.165297  -0.070467  -0.068812  -0.026018
   28   0.119746   0.059993  -0.084192  -0.095548
   29  -0.065777  -0.103721  -0.161237   0.330735
   30   0.055804  -0.023857   0.022036  -0.053983
   31   0.009559  -0.032918   0.010917   0.012442
   32   0.025959  -0.015986   0.003617  -0.013591
   33   0.004941  -0.012346  -0.003735   0.011140
   34   0.017835  -0.012072  -0.006788   0.001026
   35   0.002020  -0.007646  -0.004632   0.010258
