  pos      val_A      val_C      val_G      val_T
    0  -0.094769   0.003021  -0.030295   0.122043
    1  -0.037379  -0.044160  -0.008458   0.089997
    2  -0.112637  -0.163185   0.210799   0.065024
    3  -0.004096  -0.101789   0.227501  -0.121616
    4  -0.099099   0.139800  -0.037481  -0.003220
    5   0.109534  -0.066002  -0.047638   0.004106
    6   0.034611  -0.018713  -0.048408   0.032510
    7   0.020758  -0.036895  -0.017732   0.033869
    8   0.005172  -0.009070  -0.027023   0.030920
    9   0.001970  -0.013285  -0.015415   0.026730
   10   0.001399   0.006869   0.001088  -0.009356
   11  -0.016799   0.005847  -0.000980   0.011932
   12   0.024493  -0.008420   0.016869  -0.032942
   13  -0.001050   0.014517   0.009235  -0.022702
   14  -0.009801  -0.006520   0.010365   0.005957
   15   0.007466  -0.015958  -0.007048   0.015541
   16   0.006741  -0.009098  -0.012933   0.015289
   17   0.018158  -0.010283  -0.014890   0.007015
   18   0.023747  -0.030491  -0.024893   0.031637
   19  -0.034036  -0.003693  -0.027054   0.064782
   20   0.056813  -0.026310   0.039437  -0.069940
   21   0.010923  -0.047625   0.064758  -0.028056
   22  -0.002203  -0.117382   0.119527   0.000058
   23  -0.036274   0.020224   0.013158   0.002893
   24  -0.168361   0.008703  -0.152114   0.311771
   25   0.438409  -0.159799  -0.155968  -0.122642
   26  -0.057290  -0.031124  -0.057974   0.146389
   27   0.162568  -0.061264  -0.068844  -0.032460
   28   0.119872   0.064697  -0.090932  -0.093636
   29  -0.051702  -0.133543  -0.153676   0.338921
   30   0.052541  -0.020448   0.022215  -0.054308
   31   0.010252  -0.032947   0.009567   0.013128
   32   0.026432  -0.013742   0.001766  -0.014455
   33   0.002013  -0.010029  -0.002673   0.010689
   34   0.020176  -0.013077  -0.005685  -0.001414
   35   0.006315  -0.010556  -0.003669   0.007910
