  pos      val_A      val_C      val_G      val_T
   36  -0.020701   0.026249  -0.033033   0.027486
   37   0.176693  -0.218345   0.044762  -0.003109
   38   0.062979   0.108287  -0.221427   0.050161
   39   0.051001  -0.035147   0.052165  -0.068018
   40  -0.016375   0.093979  -0.091100   0.013496
   41   0.153914   0.154928  -0.276418  -0.032424
   42   0.052444   0.051322  -0.163827   0.060061
   43   0.023178   0.129099  -0.023205  -0.129071
   44   0.124001   0.004898  -0.041197  -0.087701
   45  -0.019794   0.104572  -0.184052   0.099274
   46   0.009409  -0.029024  -0.092537   0.112153
   47   0.072248  -0.024431  -0.082453   0.034636
   48  -0.052719  -0.010910   0.035965   0.027664
   49   0.138873   0.089272   0.050428  -0.278572
   50  -0.037627  -0.022188  -0.004365   0.064179
   51   0.005363   0.094169  -0.042311  -0.057222
   52   0.101648   0.023818  -0.218867   0.093401
   53   0.062224  -0.255108   0.095002   0.097883
   54   0.101794   0.060309  -0.015938  -0.146165
   55  -0.031619   0.186259  -0.125892  -0.028747
   56   0.170301  -0.297620   0.000929   0.126389
