  pos      val_A      val_C      val_G      val_T
   36  -0.012733   0.020958  -0.021066   0.012841
   37   0.033027  -0.069945   0.025556   0.011362
   38   0.040673   0.039632  -0.130239   0.049934
   39   0.082044  -0.083289   0.119335  -0.118090
   40   0.072684   0.143990  -0.260872   0.044198
   41   0.067584   0.115753  -0.068455  -0.114881
   42   0.107111   0.097195  -0.290896   0.086590
   43  -0.154473   0.137317   0.057068  -0.039913
   44   0.134058   0.020154  -0.205962   0.051751
   45   0.077103  -0.094783  -0.070192   0.087872
   46   0.070786   0.124469  -0.260590   0.065335
   47   0.146395  -0.072967  -0.024435  -0.048994
   48  -0.047118  -0.017155   0.041177   0.023096
   49   0.091909   0.098861   0.073554  -0.264323
   50  -0.063114  -0.070140   0.089954   0.043299
   51  -0.023986   0.043407   0.009669  -0.029090
   52   0.180812  -0.163290  -0.080058   0.062537
   53  -0.062431  -0.181069   0.123703   0.119797
   54  -0.007091   0.119327   0.038065  -0.150301
   55  -0.097910   0.220123  -0.032863  -0.089350
   56   0.080027  -0.210139   0.057700   0.072412
