  pos      val_A      val_C      val_G      val_T
   36   0.004145   0.025575  -0.048746   0.019026
   37   0.107834  -0.182780   0.038846   0.036100
   38   0.082789   0.139016  -0.282192   0.060388
   39   0.033928  -0.094826   0.040839   0.020059
   40  -0.041741   0.076085  -0.054951   0.020607
   41   0.108697   0.154738  -0.291117   0.027683
   42   0.055677   0.035305  -0.137683   0.046701
   43   0.060851   0.075500  -0.033958  -0.102392
   44   0.067236   0.020647  -0.078902  -0.008981
   45   0.021468   0.117364  -0.216733   0.077900
   46  -0.003224  -0.005786  -0.069376   0.078387
   47   0.140703  -0.048819  -0.112071   0.020187
   48  -0.041390  -0.034681   0.055932   0.020138
   49   0.148489   0.070866   0.022171  -0.241525
   50  -0.014890   0.025457  -0.032727   0.022161
   51   0.016317   0.039545  -0.030987  -0.024876
   52   0.094848   0.042980  -0.246503   0.108674
   53   0.104166  -0.296191   0.092701   0.099324
   54   0.132944   0.015866  -0.017051  -0.131759
   55  -0.002218   0.113283  -0.114005   0.002940
   56   0.164300  -0.333555   0.010662   0.158593
