val_A      val_C      val_G      val_T
-0.004037   0.011903   0.000000   0.015161
 0.002918  -0.073208   0.000000  -0.001018
-0.031364   0.000000  -0.166459   0.006271
 0.000000  -0.020894   0.021727  -0.171561
 0.264021   0.312110   0.000000   0.292197
 0.188083   0.300867  -0.065574   0.000000
 0.330747   0.352923   0.000000   0.336702
 0.000000   0.307750   0.232287   0.097663
 0.302968   0.239375   0.000000   0.326053
 0.107031   0.000000  -0.134632   0.194180
 0.267268   0.275969   0.000000   0.373296
 0.173741   0.000000   0.009653   0.008113
 0.000000   0.014981   0.009421   0.009187
 0.000000   0.001624   0.002825  -0.349341
 0.003950   0.000000   0.103128   0.019286
-0.081279   0.009441   0.000000  -0.003174
 0.184330   0.000000  -0.106076   0.228747
 0.000000  -0.142646   0.197345   0.208333
 0.000000   0.092473   0.025018  -0.152627
-0.006714   0.101438  -0.070632   0.000000
 0.006426  -0.420478  -0.082740   0.000000