pos  val_A      val_C      val_G      val_T    
36    0.000000  -0.078925  -0.009077  -0.198642
37    0.000000  -0.141173  -0.048352   0.045930
38   -0.046193  -0.092793  -0.049898   0.000000
39   -0.239812  -0.168567  -0.287774   0.000000
40   -0.361725  -0.378661   0.000000  -0.506997
41   -0.150948  -0.244130  -0.127363   0.000000
42    0.093110  -0.123256   0.000000  -0.161629
43    0.000000  -0.239450  -0.300389  -0.086593
44   -0.239578  -0.141259   0.000000  -0.248276
45   -0.450460   0.000000  -0.193906  -0.417478
46   -0.292996  -0.238770   0.000000  -0.326266
47   -0.038123   0.018178   0.000000  -0.005680
48    0.000000  -0.242224  -0.012793  -0.280063
49   -0.279915  -0.086028  -0.275385   0.000000
50    0.000000  -0.012470  -0.102629  -0.148325
51    0.000000   0.000084   0.037322  -0.053998
52   -0.283931   0.000000  -0.193939  -0.170975
53    0.000000  -0.168105  -0.253721  -0.205962
54    0.000000  -0.079778  -0.188801  -0.041685
55    0.046648  -0.069278  -0.053135   0.000000
56    0.046166   0.204057   0.021036   0.000000