pos  val_A      val_C      val_G      val_T    
36    0.000000   0.027331   0.021844   0.095729
37    0.000000   0.087634   0.060460   0.017322
38    0.004779   0.086735   0.076579   0.000000
39    0.187651   0.211721   0.193799   0.000000
40    0.466495   0.475929   0.000000   0.446692
41    0.306416   0.363128   0.156096   0.000000
42    0.256392   0.321209   0.000000   0.105584
43    0.000000   0.314158   0.253736   0.247781
44    0.166831   0.076033   0.000000   0.216616
45    0.385005   0.000000   0.182415   0.375599
46    0.391084   0.342168   0.000000   0.501004
47    0.131283  -0.066818   0.000000   0.020595
48    0.000000   0.137015   0.023875   0.203349
49    0.301890   0.025934   0.242900   0.000000
50    0.000000   0.006534   0.150259   0.143211
51    0.000000   0.129000   0.205259   0.176797
52    0.205422   0.000000   0.320374   0.318312
53    0.000000   0.206104   0.249059   0.198821
54    0.000000   0.116250   0.120273   0.006413
55    0.014902   0.086980   0.064338   0.000000
56   -0.054024  -0.112953  -0.002342   0.000000