pos        val_AA     val_AC     val_AG     val_AT     val_CA     val_CC     val_CG     val_CT     val_GA     val_GC     val_GG     val_GT     val_TA     val_TC     val_TG     val_TT   
36.370000   0.000000  -0.066948  -0.039745  -0.040698  -0.037672  -0.031492  -0.027943  -0.053021  -0.029750  -0.047060  -0.043900  -0.018677  -0.065162  -0.054859  -0.044003  -0.034976
36.380000  -0.004712  -0.002697  -0.002299   0.000000   0.011869   0.013012   0.023575  -0.005213  -0.019243   0.019136  -0.002519  -0.001684   0.007503   0.004642  -0.009857  -0.010508
36.390000  -0.000748  -0.015773   0.000282   0.000000  -0.035748  -0.013568  -0.007858  -0.008812   0.006812   0.015187  -0.018206  -0.006317   0.000141  -0.016588  -0.010584   0.021834
36.400000   0.011547  -0.015502   0.000000   0.001883  -0.009732   0.002795   0.011192  -0.007959  -0.013052  -0.006650   0.008761   0.003356  -0.001197  -0.008716  -0.006825   0.007460
36.410000  -0.032396  -0.014335  -0.014333   0.000000  -0.036526  -0.015435  -0.032110  -0.036681  -0.028208  -0.018032  -0.038254  -0.008085  -0.025010  -0.023279  -0.011785  -0.040104
36.420000   0.000818  -0.000997   0.000000   0.009168   0.011463   0.035002   0.006214  -0.007148   0.043422   0.016231   0.007624   0.012298   0.013880  -0.002588   0.012205  -0.025401
36.430000   0.000000  -0.013327  -0.026682  -0.038555  -0.011308  -0.013295  -0.035235  -0.016533  -0.003132  -0.017643  -0.012405  -0.004882  -0.003738  -0.010260  -0.024977  -0.041715
36.440000  -0.014041  -0.000251   0.000000  -0.014995   0.002479  -0.011278  -0.010802  -0.010259  -0.013446   0.000522  -0.000830  -0.036920  -0.025513  -0.013352  -0.016541  -0.003711
36.450000  -0.008583   0.000000   0.033781   0.035840   0.025772   0.008132   0.015189   0.032276   0.025878   0.023135   0.025105   0.024289   0.005256   0.020445   0.026411   0.025724
36.460000  -0.001127   0.010838   0.000000  -0.037381  -0.029034   0.010812  -0.018618   0.011417  -0.015953   0.008640   0.001362  -0.008574   0.002656  -0.019963  -0.017864   0.007608
36.470000   0.011856   0.017701   0.000000   0.015472   0.009277   0.013057   0.012092   0.010357   0.014823   0.015714   0.009335   0.033925   0.014314   0.003137   0.013817   0.016679
36.480000   0.000000  -0.016841   0.000336  -0.000597  -0.010195  -0.000432  -0.022216  -0.024445  -0.007179  -0.027084  -0.019292  -0.025295  -0.024098  -0.035856  -0.035134  -0.011633
36.490000  -0.001069   0.009537  -0.008666   0.000000   0.021737  -0.017068  -0.009303   0.018439  -0.017918   0.015238   0.014571   0.000206  -0.002046  -0.007898  -0.008069  -0.004535
36.500000   0.000000  -0.007751   0.019939  -0.007110  -0.001309   0.007409   0.019910   0.005512   0.012299  -0.010280  -0.000147   0.013976  -0.000731   0.011246   0.006170   0.003131
36.510000   0.000000   0.008282   0.004073   0.000842  -0.001071   0.011330   0.012840   0.037134  -0.003422  -0.018357  -0.004667   0.006002   0.007441   0.002005   0.004253  -0.004749
36.520000   0.001388   0.000000  -0.012920  -0.003770   0.013991  -0.000534  -0.026779   0.002209   0.007042  -0.005409  -0.003552  -0.015204  -0.007924   0.012209  -0.010704   0.003727
36.530000   0.000000  -0.001967  -0.003807   0.005023  -0.011914  -0.012324  -0.008233   0.008366   0.000348   0.010622  -0.021225   0.015235  -0.006458  -0.015577  -0.003372   0.003342
36.540000   0.000000  -0.000496  -0.006861   0.020199   0.009762   0.028474   0.022968   0.024952   0.002969   0.011298  -0.000660   0.021974  -0.003433   0.017443   0.001000   0.006460
36.550000  -0.004460  -0.008423  -0.033485   0.000000   0.010048   0.016359  -0.028716   0.012300  -0.014564  -0.034488  -0.038394   0.000733   0.000173  -0.010118  -0.015878  -0.015650
36.560000   0.007968   0.021688   0.008647   0.000000   0.000806   0.001260   0.000280   0.027646  -0.010654  -0.003241  -0.021016   0.004794   0.014104  -0.005363  -0.006778  -0.000739
37.380000  -0.008966  -0.020138  -0.015162   0.000000  -0.005114   0.000922  -0.014864  -0.014429  -0.024675  -0.004236  -0.002548  -0.006764  -0.016578  -0.018372  -0.012227  -0.018893
37.390000  -0.019005  -0.023733  -0.020827   0.000000  -0.008756  -0.002199  -0.007388  -0.012982  -0.009035  -0.029329  -0.024504  -0.019741  -0.015784  -0.016253   0.016697  -0.007385
37.400000  -0.012854   0.004905   0.000000  -0.018832   0.016690   0.012928   0.010117   0.001806   0.002326  -0.012187  -0.005613   0.000450  -0.007674   0.000368   0.029653  -0.003042
37.410000  -0.002223  -0.001945   0.008172   0.000000   0.025718  -0.016032  -0.007408   0.014295  -0.020809  -0.018687  -0.019401  -0.016607   0.025879  -0.008080   0.001800  -0.001505
37.420000  -0.031636  -0.038217   0.000000   0.001814   0.006998  -0.010362   0.015401   0.010464  -0.031455  -0.006705   0.021770   0.030492  -0.008000  -0.001708   0.001105  -0.009310
37.430000   0.000000  -0.015695  -0.004844  -0.008869  -0.022176  -0.024518  -0.018004  -0.030759  -0.005619   0.000017  -0.010314  -0.012582  -0.022170  -0.016759   0.011781  -0.015864
37.440000  -0.003235   0.000264   0.000000  -0.008625   0.011387   0.014121  -0.029219  -0.011753  -0.006590  -0.006725  -0.002396  -0.004770   0.008842   0.008455   0.016316  -0.019922
37.450000  -0.003462   0.000000  -0.006016  -0.002798   0.008568   0.007987  -0.011492   0.012953  -0.000857   0.007182   0.000940   0.011179   0.003032   0.018969   0.033300  -0.001793
37.460000  -0.028148  -0.006563   0.000000  -0.029915  -0.021070  -0.009043  -0.019110  -0.010393  -0.015977   0.012950  -0.014925  -0.019408  -0.027317  -0.004465  -0.004223   0.019088
37.470000  -0.030271  -0.025222   0.000000  -0.034505  -0.027505  -0.015503  -0.002950  -0.002963  -0.029702  -0.012500  -0.003910  -0.030236  -0.004845  -0.035528  -0.000874  -0.022722
37.480000   0.000000  -0.019337  -0.000414  -0.007828  -0.002934  -0.002992   0.009867  -0.011595   0.005946  -0.013520  -0.023523   0.006596  -0.017103   0.001372   0.014520  -0.001370
37.490000  -0.011084  -0.003687  -0.029998   0.000000  -0.016250  -0.042523  -0.010510  -0.023960  -0.027490  -0.010540   0.004510   0.004823  -0.011573  -0.033969  -0.048310  -0.017887
37.500000   0.000000   0.009480   0.004073   0.003375  -0.008360   0.023105   0.010623  -0.008851  -0.013997   0.000205  -0.018345  -0.005547  -0.004027  -0.014246  -0.013526  -0.004679
37.510000   0.000000   0.002123  -0.020487  -0.016743   0.002047   0.007260  -0.014185   0.011879   0.013345  -0.011595  -0.010317  -0.014197  -0.002481  -0.019946  -0.005519  -0.003925
37.520000  -0.002379   0.000000  -0.011696  -0.017311  -0.003055   0.006342  -0.022526  -0.009874   0.017416   0.008214  -0.009526   0.003791   0.007163   0.004364  -0.000267   0.000447
37.530000   0.000000   0.014272   0.005519   0.018497   0.017612   0.017694   0.012218   0.014718   0.017976   0.025427   0.019134   0.024529   0.018294   0.014572   0.033457   0.003849
37.540000   0.000000   0.023052   0.000945   0.007763   0.012323  -0.004380   0.003447   0.020343   0.000356  -0.000274   0.025305   0.013006   0.020643   0.037905   0.020737  -0.005721
37.550000  -0.006601  -0.013562  -0.009961   0.000000  -0.058496  -0.031170  -0.034479   0.006940  -0.021988  -0.040405  -0.013388  -0.007408  -0.004170  -0.020929  -0.016416  -0.005879
37.560000  -0.002346   0.036247  -0.003147   0.000000   0.005793  -0.009725   0.009914  -0.020040   0.009466   0.009159   0.014885   0.014582   0.003781  -0.004942  -0.014635  -0.004197
38.390000  -0.053092  -0.042425  -0.016851  -0.033372   0.003072  -0.019367  -0.014341  -0.031139  -0.032233  -0.015679  -0.020227  -0.018335  -0.032371  -0.033081  -0.049006   0.000000
38.400000  -0.001865  -0.013289  -0.009879  -0.006347  -0.013224  -0.000955  -0.032921  -0.020832  -0.005356  -0.023488  -0.027039  -0.019722   0.003918  -0.022490   0.000000  -0.018417
38.410000  -0.029962  -0.027659  -0.036119  -0.019071  -0.052586  -0.028931  -0.033021  -0.044955  -0.034779  -0.012073  -0.046333  -0.027209  -0.016565  -0.044797  -0.017595   0.000000
38.420000  -0.007582  -0.009777  -0.008503  -0.012733  -0.031163  -0.005900  -0.030722   0.011125  -0.018545   0.014176  -0.010460   0.000337  -0.018944  -0.026513   0.000000  -0.004929
38.430000  -0.004143  -0.009836   0.009843   0.007628  -0.007593  -0.007036  -0.010123  -0.016397   0.005196  -0.001910  -0.014946  -0.005075   0.000000   0.004048  -0.018081  -0.016264
38.440000   0.023209   0.035180   0.030290   0.004014   0.012008   0.000933   0.030601   0.042806   0.027467   0.025398   0.022148   0.044189   0.007450   0.007569   0.000000  -0.001814
38.450000  -0.018574  -0.027130  -0.016463  -0.008626  -0.007171  -0.000071  -0.001112  -0.018476   0.001353  -0.015054  -0.008540  -0.005341  -0.005723   0.000000   0.011064  -0.020957
38.460000  -0.015526  -0.014999   0.001583  -0.010017  -0.025466  -0.023268   0.007401  -0.014122  -0.030483  -0.029247  -0.016080  -0.019713  -0.008862   0.001826   0.000000  -0.021171
38.470000   0.017982  -0.005900   0.019767   0.014690  -0.029201  -0.011590  -0.031018  -0.010515  -0.017817  -0.013946  -0.009410  -0.021531  -0.017150  -0.006454   0.000000  -0.012349
38.480000   0.020258  -0.004771   0.022822   0.016513  -0.000414   0.025358   0.024742  -0.009989  -0.011908   0.009677  -0.007192  -0.023183   0.000000   0.017388   0.014241   0.003187
38.490000   0.005818   0.018966   0.034001   0.011528   0.005330   0.028982   0.020901   0.014132   0.024374   0.020154   0.004145   0.018072   0.010948   0.010416   0.025551   0.000000
38.500000   0.017271   0.046531   0.026994   0.018421   0.036432   0.040291   0.038102   0.038349   0.022632   0.040450   0.007158   0.054208   0.000000   0.029624   0.004418  -0.004109
38.510000   0.031254   0.021694   0.035271   0.006726   0.016568   0.015010   0.021626   0.022094  -0.004938   0.014410   0.004514   0.020873   0.000000   0.037440  -0.012544   0.001586
38.520000   0.017400  -0.022187  -0.021584  -0.023676  -0.016290  -0.010547  -0.015148  -0.006181  -0.014165  -0.001232   0.003509  -0.006581   0.001552   0.000000   0.000553  -0.013422
38.530000   0.009828   0.011065  -0.022231  -0.012418   0.005314  -0.003167   0.021774  -0.016910  -0.007132  -0.021194  -0.018821   0.002973   0.000000   0.001683  -0.015113  -0.017715
38.540000  -0.008992  -0.026071  -0.015406  -0.009847   0.009247  -0.009818  -0.003426  -0.016853   0.008952  -0.000706  -0.007026   0.000098   0.000000  -0.018927  -0.006565  -0.006910
38.550000   0.002304   0.003878  -0.008300  -0.030268  -0.001771   0.003342   0.006513   0.002143  -0.006684  -0.021916  -0.007481  -0.011553  -0.005909  -0.013024   0.010042   0.000000
38.560000   0.001583   0.015440   0.011862  -0.002865   0.020868   0.038405   0.020161   0.017853   0.001704   0.006107  -0.000170   0.015276   0.016758   0.031467   0.004582   0.000000
39.400000  -0.034317  -0.047200  -0.032654  -0.056344  -0.037478  -0.021229  -0.004162  -0.023202  -0.043299  -0.026054  -0.054618  -0.032365  -0.045072  -0.055110   0.000000  -0.047322
39.410000  -0.030088  -0.035160  -0.000382  -0.042945  -0.006953  -0.033653  -0.001983  -0.042509  -0.010828  -0.026885  -0.035901  -0.031225  -0.035981  -0.025780  -0.014596   0.000000
39.420000  -0.019550  -0.014532  -0.004116  -0.012457   0.010260   0.023513   0.014676  -0.000158  -0.013160   0.007486  -0.031645   0.012945  -0.001452  -0.007899   0.000000   0.007498
39.430000  -0.022307  -0.024791  -0.030123  -0.029212  -0.004507  -0.031169  -0.039201  -0.050220  -0.012937  -0.006703  -0.036450  -0.020785   0.000000  -0.026662  -0.029029  -0.041707
39.440000  -0.011063   0.017738   0.004804  -0.018754   0.003791  -0.008236  -0.011942   0.012379   0.002741  -0.027117   0.000143  -0.030775   0.004138   0.009755   0.000000  -0.028323
39.450000  -0.014779  -0.014744   0.009567  -0.013056  -0.005154  -0.010612  -0.013013  -0.005768  -0.001078  -0.007215   0.008948   0.002732  -0.023408   0.000000  -0.014629   0.011060
39.460000  -0.022968  -0.038866  -0.067158  -0.043341  -0.029269  -0.052817  -0.049316  -0.021544  -0.041905  -0.038165  -0.035076  -0.023392  -0.034215  -0.055081   0.000000  -0.048737
39.470000   0.011439   0.004999   0.013535   0.006609   0.009406  -0.001996  -0.010600  -0.003584   0.004323  -0.013087   0.000216  -0.006010  -0.000246  -0.005744   0.000000  -0.014086
39.480000   0.025563   0.021933   0.012424   0.013288  -0.005534  -0.003706   0.028620   0.003567  -0.004190   0.024229   0.034560   0.025553   0.000000   0.002803   0.033036   0.034082
39.490000  -0.040345  -0.025770  -0.025851  -0.007795  -0.015845  -0.003893  -0.014658  -0.041515   0.005952  -0.014738  -0.018466  -0.010034  -0.012665  -0.014737   0.003782   0.000000
39.500000   0.019000   0.019706   0.009390   0.007395   0.018140  -0.028290   0.000352   0.021742  -0.000660   0.011453   0.027184   0.008317   0.000000  -0.002072   0.027082   0.027074
39.510000  -0.024903  -0.016134  -0.024550  -0.033788  -0.008384  -0.013180  -0.017581  -0.034300  -0.015426  -0.000585  -0.000357  -0.016766   0.000000  -0.031501  -0.005559  -0.014478
39.520000  -0.012967  -0.014286   0.002885  -0.014904  -0.007934  -0.002471   0.001649   0.003584   0.017316  -0.014494  -0.011485  -0.016079   0.020215   0.000000   0.007400  -0.011564
39.530000   0.010407   0.007621   0.027309  -0.017742  -0.002193   0.028808   0.005513   0.003649   0.024243   0.022453  -0.010794  -0.000632   0.000000   0.018036   0.001023   0.022299
39.540000  -0.006796  -0.028097   0.010099  -0.024831   0.003348  -0.024316  -0.023562  -0.044642   0.008436  -0.016478  -0.015688  -0.000739   0.000000  -0.017355   0.000099  -0.007164
39.550000   0.049144   0.024914   0.030269   0.021611   0.022966   0.011333   0.016383   0.024673   0.021479   0.005189   0.026566   0.021579   0.046414   0.026517   0.010696   0.000000
39.560000   0.009650   0.011241  -0.006209   0.003944   0.014579  -0.012058  -0.010864  -0.012387   0.007030   0.015286   0.027817   0.002723   0.018266  -0.002779  -0.003634   0.000000
40.410000   0.000002  -0.008968  -0.045306   0.011917  -0.014098  -0.010011  -0.031473  -0.020012  -0.018490  -0.007188  -0.012632   0.000000  -0.011073  -0.000173  -0.021742  -0.030624
40.420000  -0.016772   0.004544  -0.050219  -0.012669  -0.016867   0.008529  -0.052273  -0.032371  -0.015976  -0.008431   0.000000  -0.028517  -0.029137  -0.032657  -0.023363  -0.022570
40.430000  -0.035380  -0.036313  -0.037082  -0.026402  -0.047404  -0.021812  -0.035634  -0.039378   0.000000  -0.049119  -0.048710  -0.026265  -0.040121  -0.039368  -0.024990  -0.047469
40.440000  -0.054720  -0.049696  -0.042501  -0.064621  -0.031644  -0.043967  -0.053338  -0.058914  -0.054071  -0.038209   0.000000  -0.081479  -0.060553  -0.039998  -0.079378  -0.072502
40.450000  -0.054870  -0.069954  -0.034761  -0.034425  -0.034207  -0.044275  -0.036493  -0.031349  -0.040810   0.000000  -0.035606  -0.037580  -0.030707  -0.049812  -0.059346  -0.030566
40.460000  -0.044463  -0.035525  -0.052947  -0.024554  -0.034153  -0.021088  -0.025523  -0.016385  -0.026510  -0.017226   0.000000  -0.042014  -0.036270  -0.022536  -0.017618  -0.033416
40.470000   0.027455   0.004575   0.025670   0.020890  -0.015861   0.022120  -0.008745   0.005459   0.026988   0.042439   0.000000   0.022835   0.007478  -0.008718   0.009180   0.013084
40.480000  -0.011638   0.023517   0.015394   0.017833  -0.002507  -0.000644  -0.006794  -0.012542   0.000000   0.017864   0.018093  -0.021956  -0.019064  -0.000091  -0.003185  -0.021922
40.490000  -0.013011  -0.009113  -0.024565  -0.011411  -0.004186  -0.009285  -0.046809  -0.006237  -0.018862   0.020583  -0.015306   0.000000   0.008983  -0.013775  -0.005273  -0.008711
40.500000  -0.029209   0.008507  -0.007291  -0.001160   0.003946  -0.025270  -0.022709  -0.010101   0.000000  -0.018660  -0.011119   0.004684  -0.016601   0.002704   0.012293   0.011981
40.510000  -0.035123   0.003700  -0.031197  -0.025956  -0.031869  -0.034494  -0.025085  -0.029103   0.000000  -0.016930  -0.011275   0.021157  -0.006664  -0.016370  -0.026365  -0.008123
40.520000  -0.047119  -0.031830  -0.036208  -0.035428  -0.014399  -0.030551  -0.030204  -0.045996  -0.034320   0.000000  -0.024218  -0.024144  -0.006394  -0.048158  -0.035490  -0.032286
40.530000  -0.027006  -0.000014   0.006501  -0.020598  -0.014024   0.000634  -0.010389  -0.028643   0.000000   0.003380  -0.021937  -0.000914  -0.024953  -0.014828  -0.009618  -0.016333
40.540000  -0.007175  -0.057876  -0.040047   0.002875  -0.023622  -0.010377  -0.023554  -0.035296   0.000000   0.008916  -0.025134  -0.001791  -0.025310  -0.015773  -0.034321  -0.014475
40.550000  -0.011788  -0.020942  -0.011173  -0.021277  -0.026124   0.005946  -0.027291  -0.009152  -0.001775  -0.031746  -0.011269   0.000000   0.004608  -0.016468  -0.037047   0.004548
40.560000  -0.024904  -0.018201  -0.011536  -0.021324  -0.004063  -0.000644  -0.011289  -0.016024   0.001470  -0.012067   0.007068   0.000000  -0.020998  -0.007163  -0.021191  -0.004507
41.420000  -0.039974  -0.041386  -0.020754  -0.043157  -0.030634  -0.046531  -0.014414  -0.062486  -0.028943  -0.022143  -0.051944  -0.034648  -0.051232  -0.050027   0.000000  -0.033288
41.430000  -0.013123  -0.011008  -0.009371  -0.026964  -0.023324  -0.015220  -0.015165  -0.027258  -0.017414  -0.025079  -0.033583  -0.038797   0.000000  -0.025539  -0.034443  -0.022100
41.440000  -0.006795  -0.017964  -0.009658  -0.002404  -0.016241  -0.031135  -0.004707  -0.023167  -0.015661  -0.012119  -0.024986   0.002174  -0.030929  -0.034218   0.000000  -0.032164
41.450000  -0.043112  -0.038913  -0.034369  -0.046183  -0.054178  -0.048435  -0.063669  -0.036174  -0.073005  -0.030086  -0.016235  -0.031424  -0.067888   0.000000  -0.037978  -0.029444
41.460000  -0.035376  -0.011749  -0.016078  -0.021088  -0.042871  -0.020176  -0.035470  -0.025101  -0.029606  -0.015775  -0.017555  -0.025265  -0.028675  -0.044697   0.000000  -0.030433
41.470000   0.001904  -0.011234  -0.015314  -0.027534   0.001735  -0.038511  -0.016268  -0.028530  -0.021746   0.004995  -0.008234  -0.001047  -0.007882  -0.007522   0.000000  -0.007884
41.480000   0.007809   0.007828   0.009929  -0.024622  -0.002925  -0.012370  -0.000347  -0.001406  -0.015086  -0.000085  -0.010423   0.000778   0.000000  -0.001021  -0.021932  -0.009497
41.490000  -0.012012  -0.025251  -0.001818  -0.004861  -0.008910  -0.027190  -0.018214  -0.012202  -0.021234  -0.016803  -0.018677  -0.003323  -0.050101  -0.002721  -0.044525   0.000000
41.500000  -0.007881  -0.002703   0.000993  -0.009774  -0.015054  -0.007425   0.002366   0.002829   0.008443   0.001739   0.001049  -0.027204   0.000000   0.007189  -0.010224  -0.019707
41.510000   0.015616  -0.002387  -0.005079   0.008705  -0.000171   0.008923  -0.015422  -0.003131   0.017331  -0.011357   0.007276  -0.012344   0.000000  -0.006926  -0.007983  -0.005221
41.520000  -0.019517  -0.041025  -0.020163  -0.028282  -0.005372  -0.029264  -0.006848  -0.009131  -0.030518  -0.009140  -0.006907  -0.014793  -0.004972   0.000000   0.001129  -0.020546
41.530000  -0.012751  -0.026152  -0.018240  -0.035376  -0.029563  -0.011226  -0.018885  -0.024663  -0.021059  -0.032488  -0.010914  -0.008334   0.000000  -0.022971  -0.023620  -0.038630
41.540000  -0.008252  -0.006448  -0.033469  -0.006454  -0.011302  -0.001873  -0.008728  -0.011622   0.008316  -0.020464  -0.010116   0.015163   0.000000   0.003058  -0.005592  -0.004723
41.550000   0.005819   0.013044   0.013562  -0.011602   0.029650   0.024287   0.019187   0.003721  -0.006895   0.005199   0.035437   0.015128   0.026575   0.008625   0.022754   0.000000
41.560000  -0.014290  -0.010966  -0.009412   0.004655  -0.007671  -0.016885  -0.015307  -0.022653   0.008378  -0.037173  -0.020076  -0.017809  -0.009414  -0.004172  -0.000938   0.000000
42.430000  -0.024635  -0.015038  -0.025656  -0.007749  -0.036907  -0.025647  -0.050724  -0.018971   0.000000  -0.045571  -0.042054  -0.023225  -0.039809  -0.034760  -0.040393  -0.016903
42.440000  -0.040523  -0.006288  -0.032582  -0.008135  -0.012064  -0.029627   0.010223   0.009698  -0.020128  -0.009404   0.000000  -0.014837  -0.016890  -0.008461  -0.012014  -0.005182
42.450000  -0.040685  -0.048569  -0.035498  -0.063745  -0.033758  -0.055801  -0.031145  -0.073033  -0.063916   0.000000  -0.056236  -0.062484  -0.043749  -0.045598  -0.035550  -0.015531
42.460000  -0.039354  -0.053575  -0.027144  -0.045428  -0.046037  -0.042208  -0.040001  -0.059704  -0.043329  -0.043903   0.000000  -0.030748  -0.047071  -0.042691  -0.045715  -0.016150
42.470000   0.037350   0.024459   0.029561   0.003070   0.012068   0.024889   0.011763   0.022275   0.029310   0.029543   0.000000   0.033452   0.009510   0.019210   0.032934   0.021416
42.480000  -0.032104  -0.015815  -0.029224  -0.045358  -0.033041  -0.057037  -0.036012  -0.019796   0.000000  -0.022599   0.005191  -0.030083  -0.025346  -0.040816  -0.035685  -0.021527
42.490000  -0.054199  -0.034821  -0.025471  -0.045999  -0.029777  -0.021050  -0.029054  -0.019456  -0.038032  -0.041932  -0.046860   0.000000   0.000945  -0.034511  -0.041897  -0.040673
42.500000  -0.033741  -0.023196  -0.026486  -0.036794  -0.015618  -0.004789  -0.020031  -0.030301   0.000000  -0.022103  -0.061572  -0.052078  -0.004143  -0.026737  -0.014833  -0.045551
42.510000   0.008721  -0.016279  -0.004439   0.009816   0.014773   0.009696  -0.025568  -0.011687   0.000000  -0.017623  -0.004740  -0.005259  -0.009497  -0.028508  -0.024050  -0.013683
42.520000  -0.011377  -0.005223  -0.021023  -0.020732  -0.035295  -0.013934  -0.050293  -0.008153  -0.001585   0.000000   0.009453  -0.031878   0.010546  -0.039779  -0.018538  -0.021225
42.530000  -0.015862  -0.015940  -0.018270  -0.019222  -0.019105  -0.042241  -0.048950  -0.048682   0.000000  -0.019206   0.001227  -0.013619  -0.052494  -0.043168  -0.023798  -0.034008
42.540000  -0.004663  -0.010304  -0.016413   0.012853   0.002767  -0.010882  -0.002146  -0.017704   0.000000  -0.017389   0.000023   0.001025  -0.007144  -0.011098  -0.004044   0.001746
42.550000  -0.015082  -0.004857   0.009242   0.000934   0.000995   0.008641   0.013645  -0.008465   0.017359  -0.006592   0.016981   0.000000   0.012709  -0.012400   0.003708  -0.008672
42.560000   0.001893   0.027954  -0.005072  -0.003413  -0.015598   0.043999   0.001800  -0.012202   0.021853   0.010002   0.000545   0.000000   0.019300  -0.007323   0.033320   0.019911
43.440000  -0.033409  -0.020873   0.000000  -0.055671  -0.024568  -0.011480  -0.027675  -0.026700  -0.038619  -0.046496  -0.048917  -0.019533  -0.023469   0.000115  -0.030080  -0.011303
43.450000  -0.035784   0.000000  -0.033905  -0.059823  -0.034186  -0.068822  -0.037300  -0.027662  -0.041327  -0.034235  -0.021373  -0.027490  -0.034273  -0.039495  -0.049966  -0.041812
43.460000  -0.021459  -0.018976   0.000000  -0.024670  -0.027064  -0.021147  -0.017345   0.010408  -0.041965  -0.043475   0.018262   0.005509  -0.006097  -0.025578  -0.024207  -0.042177
43.470000  -0.022871  -0.013437   0.000000   0.001344  -0.002366   0.006276  -0.033145  -0.006074  -0.016466   0.009393  -0.006977  -0.000237  -0.013652  -0.002401  -0.023168  -0.006154
43.480000   0.000000  -0.038752   0.004978  -0.001742  -0.027385  -0.024550   0.004016  -0.041049  -0.004861  -0.007379  -0.032863  -0.016790  -0.016125  -0.026758  -0.017682  -0.029811
43.490000  -0.034812  -0.023471  -0.023490   0.000000  -0.029343  -0.014303  -0.026837  -0.015668  -0.033111   0.010719   0.000373  -0.020782  -0.019874  -0.004741  -0.017519  -0.004882
43.500000   0.000000   0.001753   0.000587   0.001890  -0.011818   0.001549  -0.013663  -0.007106  -0.009733  -0.009677  -0.000190  -0.005661   0.009678   0.022421   0.015860  -0.022211
43.510000   0.000000  -0.019975  -0.003186  -0.009089  -0.020227  -0.011911  -0.014534  -0.027248  -0.001646   0.007441   0.002302  -0.027387  -0.022530  -0.008052  -0.040938  -0.008427
43.520000  -0.011261   0.000000  -0.034535  -0.019903  -0.050114  -0.017168  -0.027309  -0.007180   0.011011  -0.033880  -0.008438  -0.010071  -0.008741  -0.020511   0.000609  -0.003375
43.530000   0.000000  -0.022511  -0.032784  -0.020658  -0.009021  -0.019435  -0.029538  -0.016118  -0.008538  -0.006330  -0.025164  -0.015632  -0.020027  -0.019541  -0.007685  -0.008312
43.540000   0.000000  -0.030832  -0.001692  -0.014425  -0.000456   0.008056  -0.002436  -0.028327   0.011814  -0.025644  -0.016032  -0.007461  -0.000684  -0.003669  -0.012474  -0.020891
43.550000   0.009883  -0.011358   0.027726   0.000000  -0.005392   0.010801   0.020494  -0.005529   0.010375  -0.016661   0.020724  -0.003025  -0.014197  -0.020004   0.013066   0.007101
43.560000  -0.004495  -0.020639  -0.015982   0.000000  -0.039742  -0.044145  -0.033280  -0.046355  -0.001652  -0.028401  -0.028770  -0.013679  -0.012862  -0.031464  -0.011069  -0.031810
44.450000  -0.025392  -0.057751  -0.046139  -0.028433  -0.020596  -0.017741  -0.040904  -0.040112  -0.049250   0.000000   0.005025  -0.043508  -0.036185  -0.043259  -0.038964  -0.029513
44.460000  -0.048687  -0.019558  -0.019337  -0.043668  -0.011543  -0.015394  -0.051172  -0.041533  -0.035318  -0.020847   0.000000  -0.032000  -0.048887  -0.020651  -0.022403  -0.032312
44.470000   0.001329  -0.007554   0.008621   0.000028   0.021127  -0.007814  -0.007363   0.025836  -0.012812   0.001547   0.000000   0.016887   0.004759   0.001431   0.013640   0.011834
44.480000  -0.001302  -0.032478  -0.017324  -0.042307  -0.032261  -0.011633  -0.004123  -0.011633   0.000000  -0.000190  -0.010488  -0.025164  -0.010197  -0.030753   0.001425   0.005469
44.490000  -0.002601  -0.022283  -0.023089  -0.006898  -0.012933   0.008626  -0.014332  -0.002132  -0.025059   0.006032  -0.001492   0.000000  -0.006386  -0.005253  -0.020556  -0.030728
44.500000  -0.014440  -0.003402   0.006530   0.011037  -0.012628   0.001090   0.004336  -0.000592   0.000000   0.016421  -0.001283  -0.008879  -0.008332   0.011506  -0.002983  -0.004343
44.510000   0.022242   0.029976   0.036322   0.034178   0.024856   0.014112   0.040775   0.002161   0.000000   0.039587   0.021139   0.018744   0.013038   0.005374   0.024662   0.017700
44.520000  -0.008883   0.005784  -0.011869  -0.008346   0.002330   0.028619  -0.002164   0.012013  -0.006402   0.000000   0.013521   0.013903   0.001403  -0.017118  -0.009863  -0.010681
44.530000   0.017641   0.014163   0.018120  -0.003357   0.016463   0.013497  -0.021009   0.024248   0.000000   0.004055   0.026178   0.018730   0.016443   0.017676  -0.010210  -0.003795
44.540000   0.002304  -0.001540   0.003719   0.002500  -0.004954  -0.007705  -0.013420  -0.005183   0.000000  -0.005733  -0.004146   0.014331  -0.008217  -0.014632   0.001595  -0.009534
44.550000   0.012607  -0.012545  -0.015150   0.003863   0.000084  -0.005327   0.000229   0.007550   0.004131   0.025851   0.007967   0.000000  -0.010102  -0.006643   0.004795   0.009839
44.560000  -0.020114  -0.022175  -0.010919  -0.016028  -0.005947  -0.013160  -0.007522  -0.011724  -0.009765  -0.014360  -0.017575   0.000000  -0.017785  -0.013512  -0.010528   0.003140
45.460000   0.001270  -0.017298  -0.053875  -0.019058  -0.019556  -0.012728   0.000000  -0.008921  -0.012671  -0.022839  -0.005180  -0.005507  -0.005748  -0.000066  -0.028691  -0.013013
45.470000  -0.002494   0.006815   0.017065   0.037664   0.008312   0.026115   0.000000   0.007231   0.012213   0.028880   0.035322   0.024102   0.019882   0.016569   0.016563   0.001607
45.480000  -0.033583  -0.007040  -0.022386  -0.015969   0.000000  -0.013861  -0.001209  -0.005349  -0.010721  -0.017829  -0.014181  -0.015952  -0.013065  -0.018250  -0.014658  -0.033940
45.490000  -0.029178  -0.032448  -0.044223  -0.057158  -0.021117  -0.032164  -0.040259   0.000000  -0.040320  -0.036879  -0.011226  -0.030984  -0.044354  -0.029052  -0.023315  -0.023923
45.500000  -0.026143  -0.011715  -0.007047  -0.016430   0.000000  -0.004150  -0.009775  -0.025762  -0.009914   0.004703  -0.029889  -0.008953  -0.047265  -0.021555  -0.000757  -0.013636
45.510000  -0.033151  -0.042087  -0.032415  -0.022107   0.000000  -0.025359  -0.021929  -0.033913  -0.018476  -0.037939  -0.040348  -0.016511  -0.028488  -0.013931  -0.020881  -0.003845
45.520000  -0.006376  -0.016251  -0.022393  -0.009992   0.000427   0.000000  -0.011245  -0.002701  -0.013276  -0.029710  -0.026136  -0.019474   0.005862  -0.030393   0.003746  -0.047765
45.530000  -0.029383  -0.009907  -0.010901  -0.014470   0.000000  -0.021803   0.005437  -0.014281  -0.006739   0.005890  -0.008353   0.000248  -0.017122   0.004788   0.011195  -0.013520
45.540000  -0.002803   0.008640   0.024390   0.015826   0.000000   0.004072  -0.004980   0.000009   0.006125  -0.005297  -0.010410  -0.000726   0.016894   0.002748   0.000415   0.017272
45.550000  -0.010848  -0.005400  -0.016908  -0.011683   0.004744  -0.033013  -0.006838   0.000000  -0.002759  -0.029733  -0.012761   0.011654  -0.009236  -0.030325  -0.012454  -0.006175
45.560000  -0.015154  -0.019969  -0.001775  -0.031119  -0.008482   0.007448  -0.008555   0.000000  -0.013793  -0.032470   0.014234  -0.005628  -0.015961   0.004867   0.007125  -0.016660
46.470000  -0.016103  -0.033456  -0.046095  -0.045295  -0.057591  -0.015484  -0.071738  -0.036535  -0.039267  -0.021164   0.000000  -0.041085  -0.032319  -0.023980  -0.023910  -0.030468
46.480000  -0.022140   0.006694   0.016974  -0.026281   0.000096  -0.031230  -0.000879  -0.015121   0.000000  -0.010000   0.012086  -0.010050  -0.002390  -0.011575  -0.034753  -0.011024
46.490000  -0.006241  -0.016736  -0.009783  -0.022251  -0.002545  -0.001368   0.008522  -0.019097  -0.022710   0.010733   0.001687   0.000000  -0.003904  -0.016774   0.000051  -0.014093
46.500000  -0.005436  -0.019471  -0.018194  -0.022856  -0.012672  -0.036473  -0.004587  -0.015514   0.000000  -0.013350  -0.004109  -0.021133  -0.044343  -0.027719  -0.048085  -0.010472
46.510000   0.018580   0.006766  -0.011210  -0.000265   0.008278   0.012605   0.004237   0.022710   0.000000   0.002732   0.015753   0.019083   0.002649   0.004907   0.017586   0.004535
46.520000  -0.026111  -0.037186  -0.033501  -0.038232  -0.063179  -0.060819  -0.024862  -0.021107  -0.043299   0.000000  -0.059963  -0.041332  -0.042801  -0.070443  -0.058530  -0.049899
46.530000  -0.012004   0.001019  -0.011237  -0.015469  -0.020911   0.003288   0.018885   0.001211   0.000000   0.002851  -0.034329  -0.000397  -0.020971  -0.016118  -0.020158  -0.032095
46.540000  -0.008427  -0.002102  -0.028660  -0.017648  -0.009104  -0.012466  -0.021140  -0.018525   0.000000  -0.015747  -0.017726  -0.021093  -0.024979  -0.022933  -0.028465  -0.013026
46.550000  -0.012759  -0.011711  -0.009475  -0.002070  -0.004956  -0.002789   0.005950  -0.002576  -0.025300  -0.018049   0.007514   0.000000  -0.001029  -0.027322  -0.016298  -0.012708
46.560000   0.010057   0.005539   0.011877  -0.003685   0.004501   0.017308   0.033513  -0.004241   0.002072   0.003616  -0.001626   0.000000   0.030189   0.041282   0.026211   0.008157
47.480000   0.007340   0.021132  -0.000771  -0.007088   0.019701  -0.007044  -0.001665   0.011171   0.000000  -0.004592  -0.017802  -0.009186   0.005476  -0.009051  -0.000114  -0.010337
47.490000   0.031962  -0.006202  -0.018611  -0.006931   0.020860   0.010760  -0.020983   0.004278  -0.005641  -0.009142   0.008112   0.000000   0.026850  -0.006892   0.006506   0.009722
47.500000  -0.024615  -0.013218  -0.021401   0.006850  -0.006511   0.012052  -0.004254   0.006870   0.000000  -0.000386   0.001348  -0.003785  -0.009639  -0.004855   0.000074   0.005276
47.510000  -0.010037  -0.002128   0.002554  -0.006009  -0.009137  -0.027717   0.003403  -0.011020   0.000000  -0.000063  -0.008870  -0.024169  -0.020289  -0.037874  -0.002542  -0.002926
47.520000   0.002357  -0.016123  -0.022266  -0.004583  -0.001138  -0.022987  -0.019388   0.015270  -0.015046   0.000000   0.006627   0.019552  -0.005373   0.013005  -0.011045  -0.005836
47.530000  -0.031594  -0.035922  -0.013451  -0.023893  -0.031199  -0.026704  -0.008526  -0.036484   0.000000  -0.022542   0.009528  -0.020082  -0.014446  -0.015009  -0.010723  -0.018519
47.540000   0.038152   0.009657   0.008672   0.010040   0.013318   0.014997  -0.006294   0.028117   0.000000   0.010475  -0.038570  -0.002385   0.015599   0.012493  -0.026614  -0.000169
47.550000   0.005923  -0.011482  -0.038085   0.005963  -0.008518  -0.020170  -0.017319   0.005904  -0.015145  -0.012701  -0.032268   0.000000  -0.012769  -0.010998  -0.013924  -0.000227
47.560000   0.007865  -0.018407   0.004021   0.001393  -0.004690  -0.002866  -0.032956  -0.002418  -0.009804  -0.007258   0.028444   0.000000  -0.004686   0.004766   0.015543  -0.002011
48.490000  -0.034672  -0.012653  -0.005809   0.000000   0.008619  -0.024740  -0.009943  -0.022764  -0.008161  -0.005093  -0.003788  -0.008159   0.016483  -0.011636   0.003420  -0.039189
48.500000   0.000000  -0.012837  -0.024445  -0.050747  -0.021757  -0.017485  -0.017743  -0.036994  -0.022174  -0.012978  -0.036885  -0.028290  -0.056805  -0.045001  -0.014842  -0.030915
48.510000   0.000000  -0.017258  -0.038630  -0.048118  -0.019044  -0.028887  -0.036398  -0.028791  -0.017264  -0.026879  -0.023941  -0.033686  -0.046584  -0.002554  -0.046908  -0.025651
48.520000  -0.023620   0.000000  -0.020658  -0.019096  -0.028767  -0.012830  -0.007419  -0.020019  -0.022093  -0.006042  -0.010664  -0.026326  -0.026704  -0.026937  -0.006099   0.002815
48.530000   0.000000  -0.015041  -0.028604  -0.019430  -0.013688  -0.031338  -0.031875  -0.007687  -0.014070  -0.002252  -0.020191  -0.012180  -0.017806  -0.018770  -0.020924  -0.017982
48.540000   0.000000   0.008999   0.011526   0.009916   0.022776   0.006134   0.014224   0.000046  -0.010465  -0.018804   0.001574  -0.001476  -0.012460  -0.007445  -0.000997   0.006741
48.550000  -0.012661   0.011787  -0.018111   0.000000   0.011007   0.018821   0.008283  -0.012891   0.011737   0.017868  -0.001832  -0.001588   0.000941   0.025209   0.000754   0.039244
48.560000   0.006000   0.004389   0.013273   0.000000   0.019874   0.026511   0.025186   0.010628   0.006074   0.034218   0.014751   0.018679   0.031426   0.017574   0.009960   0.007062
49.500000  -0.000645  -0.000168  -0.016571   0.003333  -0.007775   0.008066  -0.013519   0.001425  -0.021441  -0.008094   0.026836  -0.003159   0.000000   0.028015  -0.024516  -0.038895
49.510000  -0.025675   0.009968   0.007995  -0.000851   0.000097   0.014915  -0.012641  -0.004925  -0.018094  -0.005509  -0.025393  -0.016343   0.000000   0.004393  -0.003013   0.023249
49.520000   0.007341   0.003848   0.005834   0.013294   0.001554  -0.008444  -0.010091   0.006539  -0.001800  -0.015994   0.001156   0.012402   0.019329   0.000000  -0.000281   0.006342
49.530000   0.003185   0.002620  -0.012791  -0.031443  -0.006903  -0.025218  -0.017889  -0.019508   0.002766  -0.036975   0.000788  -0.011348   0.000000  -0.037587  -0.006137  -0.005791
49.540000   0.002518   0.005676   0.006261   0.019313   0.003306   0.022141  -0.003155   0.022643  -0.025188   0.007697   0.012825  -0.000373   0.000000  -0.002386   0.033562   0.028367
49.550000   0.008347  -0.012002  -0.010833   0.008825  -0.024629  -0.031865  -0.004326  -0.018819  -0.014969   0.007160   0.009765   0.002606   0.002296   0.023194   0.005240   0.000000
49.560000   0.006488   0.026821   0.039410   0.025602   0.022645   0.023603   0.005997   0.032669   0.036250   0.026722   0.046239   0.017843  -0.000488   0.031744   0.020857   0.000000
50.510000   0.000000   0.020232   0.013016   0.000935   0.010945   0.009735   0.034680   0.025924   0.011575   0.014955  -0.002400   0.040814   0.042287   0.015387   0.010454   0.020862
50.520000  -0.009008   0.000000  -0.007437   0.021082  -0.008988  -0.011560   0.010030   0.011667  -0.008736  -0.000891  -0.006597  -0.001747  -0.008805  -0.002019  -0.017948  -0.003454
50.530000   0.000000  -0.033562  -0.002684  -0.024377  -0.013706   0.022310   0.003282  -0.027743  -0.008317  -0.008209  -0.008520  -0.018229  -0.009770  -0.022090  -0.010395  -0.023438
50.540000   0.000000  -0.022137   0.009800  -0.006369   0.001736   0.005718   0.002529  -0.007433  -0.000724  -0.015570   0.019447   0.018032   0.021273  -0.000404   0.013657   0.028103
50.550000  -0.004819  -0.009821   0.002654   0.000000   0.003671   0.006458  -0.013433  -0.008400  -0.000061  -0.000309   0.013026  -0.011378  -0.000148  -0.011395   0.002203  -0.003913
50.560000   0.008031   0.009572   0.023208   0.000000  -0.010050   0.036027  -0.007710   0.005791   0.009667   0.010818   0.030610   0.002412   0.012450   0.019077   0.019088   0.011656
51.520000  -0.051330   0.000000  -0.031820  -0.020717  -0.015620  -0.011579  -0.035104  -0.054183  -0.022969  -0.010057  -0.037108  -0.038343  -0.008226  -0.027185  -0.008082  -0.023843
51.530000   0.000000   0.010527  -0.017906   0.004102  -0.014256  -0.008041  -0.014728   0.000882  -0.008919  -0.001672  -0.003083  -0.034986  -0.012469  -0.004390  -0.017148  -0.012583
51.540000   0.000000  -0.020268   0.003680  -0.015757   0.008727  -0.003766   0.006831  -0.000514  -0.005160   0.010278   0.011487  -0.013569  -0.011558   0.005499  -0.005777   0.011707
51.550000  -0.005972   0.014285   0.015465   0.000000   0.018176   0.011071   0.031521  -0.012237   0.017633   0.005853   0.009932  -0.000881   0.005631   0.005572   0.028376  -0.010289
51.560000  -0.011860   0.003435  -0.003358   0.000000  -0.016496   0.005491  -0.030437  -0.013627  -0.018006  -0.023871   0.004874  -0.019982  -0.024849  -0.020131  -0.007813  -0.044573
52.530000  -0.047869   0.000533  -0.010938  -0.036082   0.000000  -0.034632  -0.040404  -0.024052  -0.014556  -0.024542   0.005075  -0.017734  -0.032541  -0.017003  -0.010295  -0.033895
52.540000   0.025476   0.015578   0.001052   0.031203   0.000000   0.049451   0.017801   0.028399   0.024178   0.013410   0.009833   0.015481   0.010123   0.034928   0.019523  -0.003866
52.550000  -0.004425  -0.004197  -0.009921   0.009443  -0.005405   0.002637  -0.022006   0.000000   0.006488  -0.018413  -0.024412  -0.001876  -0.001384  -0.018628  -0.010392  -0.004933
52.560000   0.000970  -0.009131   0.007696   0.007745  -0.013012   0.028628  -0.009044   0.000000   0.003844   0.001339  -0.010489  -0.008260  -0.000139   0.008814   0.010079   0.004275
53.540000   0.000000  -0.038620  -0.023948  -0.036827  -0.024277  -0.016260  -0.007928  -0.016758  -0.032108  -0.027226  -0.035117  -0.033787  -0.034975   0.015215  -0.039567  -0.013476
53.550000   0.001646   0.001709  -0.036776   0.000000  -0.007098   0.010504  -0.011818  -0.003113  -0.015441   0.006875   0.000218  -0.025088   0.009894  -0.012848  -0.002608  -0.003946
53.560000   0.002329  -0.009068  -0.005111   0.000000  -0.002710   0.006196   0.003572   0.000600   0.023225   0.002592   0.004832  -0.019057  -0.016048   0.008949   0.018188  -0.019319
54.550000  -0.003386  -0.031339  -0.017357   0.000000  -0.033313  -0.027066  -0.002002  -0.022126  -0.013599  -0.002148  -0.007083  -0.029424  -0.001103  -0.021794  -0.033218  -0.019621
54.560000  -0.014246  -0.016220  -0.035402   0.000000   0.006757  -0.036930   0.000395  -0.009731  -0.024325  -0.005880  -0.005951  -0.057465   0.015323  -0.013699  -0.016384  -0.005154
55.560000   0.004406  -0.008170  -0.016230  -0.005631   0.015751  -0.004540   0.004137  -0.014567   0.001255  -0.000508   0.017141  -0.017686  -0.008507   0.004165  -0.001978   0.000000