pos  val_A      val_C      val_G      val_T    
36    0.000000   0.054095   0.004036   0.183193
37    0.000000   0.149199   0.044134   0.033827
38    0.026618  -0.028827   0.038473   0.000000
39    0.231367   0.286811   0.214790   0.000000
40    0.472879   0.266378   0.000000   0.369919
41    0.166918   0.232786   0.059648   0.000000
42    0.228732   0.288121   0.000000   0.041875
43    0.000000   0.216627   0.441182   0.252699
44    0.196218   0.117592   0.000000   0.346915
45    0.411197   0.000000   0.074025   0.292623
46    0.321115   0.324878   0.000000   0.373615
47    0.026538  -0.088340   0.000000  -0.068998
48    0.000000   0.100688   0.052525  -0.089029
49    0.172699  -0.057751   0.102521   0.000000
50    0.000000  -0.009946  -0.079451   0.039093
51    0.000000  -0.020660   0.086599   0.096388
52    0.232241   0.000000   0.220156   0.150783
53    0.000000   0.175856   0.254921   0.246827
54    0.000000   0.180908   0.168751   0.054893
55    0.023210   0.116562   0.070407   0.000000
56   -0.007757  -0.197315   0.040488   0.000000