  operator reptype chain_num  feature_num  feature_min  feature_val  feature_max
0       O2    RBS1        10          0.0    -1.664014    -1.621409    -1.399369
0       O2    RBS1        10          1.0     6.371794     6.722493     6.795453
0       O2    RBS1        10          2.0     1.226301     1.506439     1.561016
0       O1    1147        11          0.0    -1.484408    -1.121046    -1.070296
0       O1    1147        11          1.0     8.863612     8.974145     9.500064
0       O1    1147        11          2.0     1.143200     1.231672     1.693635
0       O2     446         2          0.0    -0.193835    -0.179858    -0.153367
0       O2     446         2          1.0     7.114631     7.349082     7.372157
0       O2     446         2          2.0    -2.376731    -2.205360    -2.130670
0       O1    1147        10          0.0    -1.484501    -1.116987    -1.041882
0       O1    1147        10          1.0     8.813105     8.965321     9.499861
0       O1    1147        10          2.0     1.092405     1.222070     1.693753
0       O1    1027        11          0.0    -1.855612    -1.703280    -1.555171
0       O1    1027        11          1.0    11.287022    11.629363    12.676418
0       O1    1027        11          2.0     3.339842     3.539432     4.012166
0       O1     446         3          0.0    -2.099976    -1.821434    -1.710568
0       O1     446         3          1.0    10.700646    11.041510    11.711980
0       O1     446         3          2.0     2.555355     2.733618     3.086599
0       O1    1027        15          0.0    -2.070512    -1.583467    -1.469672
0       O1    1027        15          1.0    11.173638    11.440422    13.668914
0       O1    1027        15          2.0     3.201197     3.402472     4.501939
0       O3    1147        10          0.0   -57.028773   -56.662540   -55.805245
0       O3    1147        10          1.0    18.716230    19.001637    19.125723
0       O3    1147        10          2.0     4.045670     4.101103     4.127009
0       O1    1027        10          0.0    -2.102763    -1.835352    -1.475626
0       O1    1027        10          1.0    11.190111    12.590664    13.699362
0       O1    1027        10          2.0     3.213750     3.963436     4.516589
0       O1    RBS1         4          0.0    -2.716098    -2.676279    -2.674787
0       O1    RBS1         4          1.0     8.959654     8.964131     9.063600
0       O1    RBS1         4          2.0     4.649730     4.652218     4.703028
0       O2     446         3          0.0    -0.209287    -0.148362    -0.108799
0       O2     446         3          1.0     6.985893     7.205721     7.373752
0       O2     446         3          2.0    -2.729932    -2.410153    -2.046203
0       O2    1027        10          0.0    -0.434964    -0.166272    -0.111587
0       O2    1027        10          1.0     6.146648     6.252618     6.573961
0       O2    1027        10          2.0    -2.323401    -1.902194    -0.850715
0       O2    1147        10          0.0    -0.385103    -0.093285    -0.050759
0       O2    1147        10          1.0     8.192583     8.467576     8.875902
0       O2    1147        10          2.0    -3.731699    -3.118147    -1.630645
0       O3     446        11          0.0   -50.000917   -47.473419   -43.742601
0       O3     446        11          1.0    16.041148    17.400987    18.325575
0       O3     446        11          2.0     4.099294     4.453431     4.553570
0       O3     446        10          0.0   -50.039616   -47.485134   -43.738792
0       O3     446        10          1.0    16.039332    17.402318    18.337896
0       O3     446        10          2.0     4.099296     4.456497     4.557511